-27.424733673219222 -19.92722452693708 89.00000401024265
-27.306469352452144 -20.088977706186355 89.00000396683028
-27.187251011744117 -20.250029026586308 89.0000039230677
-27.067082816286973 -20.410372861405012 89.00000387895645
-26.94596896445833 -20.57000360862802 89.00000383449807
-26.823913687674462 -20.728915691154672 89.00000378969412
-26.700921250242764 -20.88710355699259 89.00000374454615
-26.576995949212606 -21.044561679451796 89.00000369905575
-26.45214211422552 -21.201284557337456 89.00000365322451
-26.326364107363478 -21.35726671514263 89.00000360705401
-26.19966632299679 -21.51250270323919 89.00000356054589
-26.07205318763042 -21.666987098068436 89.00000351370177
-25.94352915974965 -21.820714502330162 89.00000346652327
-25.81409872966385 -21.973679545171816 89.00000341901205
-25.683766419349897 -22.125876882375767 89.00000337116977
-25.552536782294126 -22.277301196546098 89.0000033229981
-25.420414403333144 -22.427947197294483 89.00000327449872
-25.28740389849397 -22.577809621424667 89.00000322567332
-25.15350991483232 -22.726883233116865 89.00000317652363
-25.018737130270498 -22.87516282411036 89.00000312705134
-24.883090253433878 -23.022643213885623 89.0000030772582
-24.74657402348666 -23.169319249844957 89.00000302714592
-24.609193209965845 -23.31518580749305 89.00000297671629
-24.47095261261492 -23.46023779061566 89.00000292597103
-24.331857061215967 -23.60447013145784 89.00000287491196
-24.191911415421313 -23.747877790900638 89.00000282354081
-24.051120564583197 -23.890455758637682 89.00000277185941
-23.909489427583306 -24.032199053349856 89.00000271986957
-23.76702295266084 -24.173102722879467 89.0000026675731
-23.623726117239528 -24.313161844403307 89.0000026149718
-23.479603927754084 -24.452371524604317 89.00000256206755
-23.3346614194748 -24.590726899843055 89.00000250886217
-23.188903656331924 -24.728223136327298 89.00000245535752
-23.0423357307386 -24.864855430281043 89.00000240155548
-22.8949627634133 -25.000619008112068 89.00000234745794
-22.746789903200387 -25.13550912657917 89.00000229306676
-22.597822326890565 -25.26952107295755 89.00000223838386
-22.44806523903986 -25.40265016520363 89.00000218341114
-22.297523871788115 -25.534891752118344 89.00000212815054
-22.146203484675702 -25.66624121351006 89.00000207260396
-21.994109364460076 -25.796693960355725 89.00000201677338
-21.841246824931016 -25.926245434961267 89.00000196066071
-21.687621206724845 -26.05489111112088 89.00000190426795
-21.533237877138244 -26.182626494274878 89.00000184759703
-21.37810222994017 -26.309447121667183 89.00000179064996
-21.222219685183763 -26.43534856250092 89.00000173342873
-21.065595689016817 -26.56032641809337 89.00000167593531
-20.908235713491873 -26.68437632202938 89.00000161817174
-20.750145256374473 -26.807493940314323 89.00000156014002
-20.591329840951474 -26.929674971525237 89.00000150184218
-20.431795015837853 -27.050915146961266 89.00000144328027
-20.271546354783275 -27.17121023079248 89.00000138445631
-20.110589456476756 -27.290556020208317 89.00000132537238
-19.948929944351466 -27.408948345564124 89.00000126603054
-19.786573466388038 -27.52638307052699 89.00000120643286
-19.62352569491766 -27.642856092219944 89.0000011465814
-19.4597923264233 -27.75836334136576 89.00000108647829
-19.29537908134108 -27.872900782428832 89.0000010261256
-19.1302917038603 -27.986464413756217 89.00000096552546
-18.96453596172268 -28.099050267717537 89.00000090467998
-18.79811764602124 -28.21065441084331 89.00000084359127
-18.63104257099736 -28.321272943962803 89.00000078226148
-18.46331657383806 -28.430902002339966 89.00000072069275
-18.294945514471863 -28.539537755808585 89.00000065888725
-18.125935275364448 -28.64717640890587 89.0000005968471
-17.956291761312546 -28.75381420100542 89.0000005345745
-17.78602089923805 -28.859447406448357 89.00000047207159
-17.61512863798081 -28.96407233467357 89.0000004093406
-17.443620948090732 -29.0676853303467 89.0000003463837
-17.271503821619557 -29.17028277348759 89.00000028320308
-17.098783271910925 -29.27186107959717 89.00000021980095
-16.92546533339068 -29.372416699782402 89.00000015617954
-16.75155606135585 -29.47194612088041 89.00000009234107
-16.577061531763473 -29.570445865580986 89.00000002828774
-16.40198784101773 -29.667912492548417 88.99999996402184
-16.22634110575736 -29.7643425965415 88.99999989954557
-16.050127462641736 -29.859732808532616 88.99999983486121
-15.873353068136895 -29.95407979582522 88.999999769971
-15.696024098299825 -30.047380262170602 88.99999970487723
-15.518146748563085 -30.139630947882832 88.99999963958214
-15.339727233518166 -30.230828629952757 88.99999957408805
-15.160771786698787 -30.32097012216039 88.99999950839722
-14.981286660362455 -30.410052275186537 88.99999944251198
-14.801278125272479 -30.498071976722642 88.99999937643459
-14.620752470478767 -30.58502615157953 88.99999931016737
-14.43971600309798 -30.670911761794958 88.99999924371265
-14.258175048093639 -30.755725806739502 88.99999917707274
-14.076135948054471 -30.839465323221702 88.99999911024996
-13.893605062973265 -30.92212738559141 88.99999904324667
-13.710588770024437 -31.003709105842095 88.9999989760652
-13.527093463341684 -31.084207633711518 88.99999890870788
-13.343125553793913 -31.163620156781654 88.99999884117709
-13.158691468761708 -31.241943900576736 88.99999877347517
-12.973797651912557 -31.31917612866025 88.9999987056045
-12.788450562976166 -31.395314142730403 88.99999863756743
-12.602656677518096 -31.470355282714657 88.99999856936635
-12.41642248671399 -31.544296926862476 88.99999850100366
-12.229754497122657 -31.617136491836963 88.99999843248172
-12.042659230458641 -31.68887143280516 88.99999836380294
-11.855143223364824 -31.75949924352681 88.99999829496971
-11.667213027183365 -31.82901745644215 88.99999822598444
-11.478875207727285 -31.897423642757943 88.99999815684954
-11.290136345050824 -31.964715412532456 88.99999808756743
-11.101003033220012 -32.030890414758765 88.99999801814053
-10.911481880081617 -32.09594633744713 88.99999794857125
-10.721579507032722 -32.15988090770565 88.99999787886205
-10.531302548789176 -32.2226918918197 88.99999780901533
-10.340657653154244 -32.284377095329845 88.99999773903355
-10.149651480785664 -32.34493436310874 88.99999766891915
-9.958290704963387 -32.40436157943628 88.9999975986746
-9.766582011356347 -32.46265666807352 88.99999752830232
-9.574532097788724 -32.51981759233528 88.99999745780478
-9.38214767400643 -32.575842355161164 88.99999738718446
-9.18943546144198 -32.63072899918552 88.99999731644382
-8.99640219298013 -32.684475606805705 88.99999724558532
-8.803054612722416 -32.73708030024913 88.99999717461144
-8.609399475751989 -32.78854124163876 88.99999710352466
-8.415443547896915 -32.8388566330575 88.99999703232749
-8.221193605494273 -32.88802471661087 88.99999696102236
-8.026656435153148 -32.93604377448854 88.99999688961181
-7.831838833518013 -32.982912129024136 88.99999681809832
-7.636747607030551 -33.02862814275412 88.99999674648438
-7.441389571692342 -33.07319021847483 88.99999667477252
-7.245771552826604 -33.1165967992983 88.99999660296521
-7.049900384839606 -33.15884636870676 88.99999653106498
-6.853782910982376 -33.1999374506054 88.99999645907432
-6.657425983110901 -33.23986860937419 88.99999638699578
-6.460836461447214 -33.2786384499179 88.99999631483186
-6.264021214339473 -33.31624561771486 88.99999624258507
-6.066987118022481 -33.352688798864264 88.99999617025794
-5.869741056376729 -33.38796672013214 88.99999609785303
-5.67228992068837 -33.42207814899578 88.99999602537281
-5.474640609408211 -33.45502189368682 88.99999595281986
-5.276800027911179 -33.48679680323285 88.99999588019669
-5.078775088254349 -33.517401767497674 88.99999580750585
-4.880572708935933 -33.54683571722006 88.99999573474989
-4.682199814653435 -33.57509762405112 88.99999566193132
-4.483663336061617 -33.602186500590214 88.9999955890527
-4.284970209530822 -33.62810140041945 88.9999955161166
-4.086127376903924 -33.65284141813678 88.99999544312553
-3.8871417852542773 -33.676405689387586 88.99999537008205
-3.688020386642758 -33.69879339089495 88.99999529698873
-3.48877013787536 -33.72000374048829 88.9999952238481
-3.289398000259422 -33.74003599713085 88.99999515066273
-3.089910939360894 -33.75888946094546 88.99999507743519
-2.8903159247607406 -33.776563473239065 88.999995004168
-2.690619929811918 -33.79305741652567 88.99999493086375
-2.490829931395027 -33.80837071454798 88.999994857525
-2.2909529096750325 -33.82250283229752 88.9999947841543
-2.0909958478571586 -33.83545327603328 88.99999471075422
-1.890965731943391 -33.84722159329899 88.99999463732732
-1.6908695504876836 -33.857807372938986 88.99999456387617
-1.4907142943522753 -33.86721024511246 88.99999449040334
-1.2905069564633271 -33.87542988130651 88.99999441691139
-1.0902545315664873 -33.8824659943475 88.99999434340289
-0.8899640159829921 -33.888318338411146 88.9999942698804
-0.6896424073645108 -33.89298670903115 88.9999941963465
-0.4892967044491459 -33.896470943106266 88.99999412280377
-0.28893390681667486 -33.89877091890601 88.99999404925475
-0.08856101464448259 -33.89988655607498 88.99999397570203
0.11181497153772878 -33.89981781563559 88.99999390214816
0.31218705109203987 -33.89856469998945 88.99999382859573
0.512548223517019 -33.8961272529173 88.99999375504731
0.7128914886924231 -33.89250555957748 88.99999368150547
0.9132098471232825 -33.887699746502925 88.99999360797277
1.113496300185168 -33.88170998159678 88.99999353445178
1.3137438503682248 -33.874536474126515 88.99999346094506
1.513945501521887 -33.866179474716596 88.99999338745519
1.7140942590988273 -33.8566392753398 88.99999331398475
1.9141831304000474 -33.845916209306914 88.99999324053628
2.1142051248187066 -33.83401065125517 88.99999316711236
2.3141532540845966 -33.8209230171351 88.99999309371557
2.5140205325078138 -33.806653764196064 88.99999302034844
2.7137999772235393 -33.79120339097021 88.99999294701357
2.913484608435528 -33.77457243725511 88.9999928737135
3.1130674496602 -33.756761484094845 88.99999280045078
3.312541527969907 -33.73777115375978 88.99999272722799
3.511899874237264 -33.71760210972476 88.99999265404769
3.711135523378155 -33.696255056645946 88.99999258091242
3.9102415145951976 -33.67373074033621 88.99999250782476
4.109210891621053 -33.650029947739064 88.99999243478723
4.308036702960982 -33.62515350690118 88.99999236180241
4.506712002136434 -33.59910228694345 88.99999228887283
4.705229847927259 -33.57187719803061 88.99999221600106
4.903583304614454 -33.54347919133944 88.99999214318963
5.101765442222003 -33.513909259025624 88.9999920704411
5.299769336759714 -33.483168434188904 88.99999199775797
5.497588070464639 -33.45125779083717 88.99999192514284
5.695214732042892 -33.41817844384882 88.9999918525982
5.8926424169112295 -33.38393154893381 88.99999178012659
6.089864227437794 -33.348518302593426 88.99999170773057
6.286873273183834 -33.31193994207826 88.99999163541264
6.483662671143938 -33.274197745345134 88.99999156317534
6.680225545986767 -33.23529303101239 88.9999914910212
6.876555030294778 -33.19522715831389 88.99999141895273
7.072644264804867 -33.15400152705142 88.99999134697245
7.268486398647545 -33.11161757754587 88.99999127508288
7.464074589586516 -33.06807679058685 88.99999120328651
7.6594020042572675 -33.02338068738107 88.99999113158589
7.854461818406514 -32.977530829499024 88.99999105998349
8.049247217130148 -32.93052881882057 88.99999098848181
8.243751395111566 -32.88237629747887 88.99999091708337
8.43796755685897 -32.83307494780315 88.99999084579065
8.631888916943486 -32.78262649225975 88.99999077460616
8.825508700235751 -32.73103269339207 88.99999070353236
9.01882014214275 -32.678295353758955 88.99999063257175
9.211816488844265 -32.62441631587166 88.9999905617268
9.404490997528363 -32.56939746212967 88.99999049099999
9.596836936627689 -32.51324071475465 88.9999904203938
9.788847586054164 -32.455948035723516 88.99999034991069
9.980516237434022 -32.39752142669974 88.9999902795531
10.171836194341703 -32.337962928963606 88.99999020932353
10.362800772534511 -32.27727462334065 88.9999901392244
10.553403300185684 -32.215458630129135 88.99999006925817
10.7436371181176 -32.1525171090259 88.9999899994273
10.93349558003456 -32.08845225905092 88.9999899297342
11.12297205275451 -32.02326631847055 88.99998986018133
11.312059916441509 -31.956961564719176 88.99998979077111
11.50075256483652 -31.889540314319767 88.99998972150595
11.68904340548846 -31.82100492280286 88.99998965238831
11.876925859984075 -31.751357784624425 88.99998958342056
12.064393364178434 -31.680601333081974 88.99998951460513
12.251439368423839 -31.6087380402297 88.99998944594444
12.438057337798844 -31.53577041679204 88.99998937744085
12.624240752336153 -31.46170101207612 88.9999893090968
12.809983107251062 -31.386532413882414 88.99998924091464
12.995277913168287 -31.31026724841455 88.99998917289678
13.180118696348895 -31.232908180187422 88.99998910504556
13.364498998916048 -31.154457911934287 88.99998903736339
13.548412379081286 -31.074919184512115 88.99998896985261
13.731852411369143 -30.994294776805937 88.99998890251558
13.914812686841753 -30.912587505631762 88.99998883535467
14.097286813322857 -30.8298002256381 88.99998876837222
14.279268415620715 -30.74593582920644 88.99998870157054
14.46075113575148 -30.660997246349872 88.99998863495202
14.641728633160891 -30.57498744461095 88.99998856851894
14.822194584946025 -30.487909428957874 88.99998850227364
15.002142686075759 -30.39976624167975 88.99998843621843
15.18156664961171 -30.31056096227998 88.99998837035562
15.360460206927453 -30.220296707368846 88.99998830468752
15.538817107927732 -30.128976630554558 88.9999882392164
15.716631121266417 -30.036603922333278 88.99998817394459
15.89389603456483 -29.943181809977325 88.99998810887432
16.070605654628384 -29.848713557422638 88.99998804400789
16.246753807663158 -29.753202465154622 88.99998797934757
16.42233433949117 -29.65665187009309 88.9999879148956
16.597341115766028 -29.55906514547531 88.99998785065425
16.771768022186816 -29.460445700738408 88.99998778662577
16.94560896471185 -29.360796981400167 88.99998772281236
17.118857869771645 -29.260122468938604 88.9999876592163
17.291508684480732 -29.158425680670575 88.99998759583977
17.46355537684973 -29.055710169628526 88.99998753268501
17.6349919359957 -28.951979524436595 88.99998746975422
17.805812372352328 -28.847237369185127 88.99998740704959
17.976010717878793 -28.741487363304284 88.99998734457331
18.14558102626888 -28.634733201435846 88.99998728232757
18.314517373158335 -28.52697861330435 88.99998722031455
18.482813856331937 -28.418227363586745 88.99998715853641
18.650464595929808 -28.308483251780782 88.99998709699531
18.81746373465243 -28.197750112072537 88.9999870356934
18.98380543796592 -28.086031813202077 88.99998697463282
19.149483894305437 -27.973332258328515 88.9999869138157
19.314493315278437 -27.85965538489356 88.99998685324417
19.478827935866512 -27.74500516448419 88.99998679292035
19.642482014627394 -27.629385602693503 88.99998673284634
19.80544983389515 -27.51280073898103 88.99998667302424
19.96772569998015 -27.395254646531495 88.99998661345614
20.12930394336758 -27.276751432112743 88.99998655414413
20.29017891891613 -27.1572952359319 88.99998649509027
20.45034500605482 -27.036890231490943 88.99998643629662
20.609796608979547 -26.91554062544079 88.99998637776525
20.768528156848227 -26.793250657434598 88.9999863194982
20.926534103976003 -26.670024599979207 88.99998626149751
21.083808930028592 -26.545866758286177 88.99998620376519
21.240347140215274 -26.420781470121284 88.99998614630327
21.39614326548092 -26.294773105652883 88.99998608911375
21.551191862696758 -26.167846067299564 88.99998603219863
21.705487514851036 -26.04000478957585 88.99998597555991
21.859024831237942 -25.91125373893761 88.99998591919955
22.011798447646115 -25.781597413625807 88.99998586311953
22.1638030265457 -25.651040343509695 88.9999858073218
22.315033257275378 -25.519587089928077 88.99998575180834
22.465483856227525 -25.38724224553025 88.99998569658105
22.6151495670329 -25.254010434115465 88.99998564164189
22.76402516074441 -25.119896310471315 88.99998558699275
22.912105436019406 -24.984904560211437 88.99998553263555
23.05938521930196 -24.84903989961131 88.99998547857221
23.20585936500324 -24.712307075443785 88.99998542480459
23.35152275568147 -24.574710864813145 88.99998537133459
23.496370302220388 -24.436256074988453 88.99998531816406
23.640396944007556 -24.29694754323517 88.99998526529488
23.783597649110803 -24.15679013664644 88.99998521272887
23.925967414454217 -24.015788751972906 88.9999851604679
24.0675012659926 -23.87394831545195 88.99998510851377
24.20819425888576 -23.73127378263509 88.9999850568683
24.34804147767092 -23.587770138215163 88.99998500553329
24.48703803643463 -23.443442395852028 88.99998495451054
24.62517907898313 -23.298295597997722 88.99998490380183
24.76245977901252 -23.152334815719797 88.99998485340895
24.89887534027703 -23.00556514852445 88.99998480333363
25.034420996756715 -22.857991724178344 88.99998475357764
25.16909201282398 -22.709619698529288 88.9999847041427
25.302883683408762 -22.56045425532652 88.99998465503056
25.43579133416338 -22.410500606039037 88.99998460624292
25.56781032162553 -22.259763989673893 88.9999845577815
25.698936033380658 -22.10824967259295 88.99998450964797
25.829163888222812 -21.95596294832929 88.99998446184404
25.958489336315154 -21.802909137401695 88.99998441437135
26.086907859348603 -21.64909358712913 88.99998436723159
26.214414970699814 -21.494521671443856 88.99998432042638
26.341006215587928 -21.339198790703538 88.99998427395737
26.466677171229982 -21.183130371502994 88.99998422782616
26.591423446995844 -21.026321866483997 88.9999841820344
26.71524068456133 -20.868778754145193 88.99998413658366
26.838124558060592 -20.71050653865046 88.99998409147555
26.96007077423698 -20.551510749637018 88.99998404671163
27.081075072593496 -20.391796942021667 88.99998400229347
27.20113322554131 -20.231370695807076 88.99998395822261
27.320241038547632 -20.070237615886644 88.99998391450062
27.43839435028197 -19.908403331849073 88.99998387112899
27.555589032761958 -19.745873497781112 88.99998382810927
27.671820991497253 -19.582653792070367 88.99998378544292
27.787086165632772 -19.418749917206764 88.99998374313147
27.90138052809025 -19.254167599583685 88.99998370117639
28.01470008570939 -19.08891258929732 88.99998365957913
28.127040879387067 -18.922990659946148 88.99998361834116
28.238398984215742 -18.756407608429157 88.99998357746392
28.348770509620632 -18.589169254743194 88.99998353694883
28.458151599495388 -18.421281441780028 88.9999834967973
28.56653843233721 -18.25275003512161 88.99998345701074
28.673927221380097 -18.083580922835566 88.99998341759056
28.78031421472728 -17.913780015269268 88.9999833785381
28.88569569548204 -17.74335324484372 88.99998333985475
28.990067981877953 -17.57230656584575 88.99998330154186
29.09342742740727 -17.40064595422032 88.99998326360075
29.195770420948456 -17.228377407361577 88.99998322603277
29.297093386892065 -17.055506943903712 88.99998318883921
29.397392785266074 -16.88204060351009 88.99998315202139
29.49666511185932 -16.70798444666262 88.99998311558058
29.59490689834399 -16.53334455444983 88.99998307951806
29.69211471239662 -16.358127028354822 88.9999830438351
29.78828515781835 -16.182337990041475 88.99998300853292
29.883414874653326 -16.005983581140974 88.99998297361279
29.977500539306156 -15.82906996303717 88.99998293907589
30.07053886465811 -15.651603316651157 88.99998290492346
30.162526600181693 -15.47358984222579 88.99998287115667
30.253460532054568 -15.295035759108421 88.99998283777671
30.343337483271647 -15.115947305534023 88.99998280478475
30.43215431375613 -14.936330738407031 88.99998277218194
30.51990792046906 -14.756192333083185 88.99998273996941
30.606595237518015 -14.575538383149617 88.99998270814831
30.692213236264042 -14.394375200205424 88.99998267671971
30.776758925427497 -14.212709113641028 88.99998264568475
30.860229351192608 -14.03054647041694 88.99998261504449
30.94262159731048 -13.84789363484246 88.99998258480001
31.023932785201286 -13.664756988352655 88.99998255495237
31.104160074054633 -13.48114292928585 88.99998252550259
31.18330066092889 -13.297057872659861 88.99998249645174
31.261351780848962 -13.112508249948329 88.99998246780079
31.338310706903158 -12.927500508855339 88.99998243955076
31.414174750338262 -12.742041113090595 88.99998241170265
31.48894126065354 -12.556136542143507 88.99998238425742
31.562607625693367 -12.369793291056668 88.99998235721603
31.635171271738336 -12.183017870199407 88.99998233057943
31.706629663595418 -11.995816805039652 88.99998230434853
31.776980304686397 -11.808196635916278 88.99998227852427
31.846220737135017 -11.62016391781096 88.99998225310755
31.91434854185304 -11.431725220118448 88.99998222809924
31.98136133862464 -11.242887126417537 88.99998220350024
32.04725678618962 -11.05365623424092 88.99998217931139
32.112032582325156 -10.86403915484457 88.99998215553354
32.175686463926205 -10.674042512977227 88.99998213216753
32.238216207084704 -10.48367294664826 88.99998210921416
32.299619627167154 -10.292937106896199 88.99998208667424
32.35989457889103 -10.101841657556136 88.99998206454856
32.41903895639955 -9.910393275027383 88.99998204283789
32.4770506933355 -9.718598648039501 88.99998202154299
32.53392776291328 -9.526464477419095 88.9999820006646
32.58966817798972 -9.333997475855574 88.99998198020344
32.6442699911336 -9.141204367666518 88.99998196016026
32.69773129469344 -8.948091888563203 88.99998194053572
32.750050220864516 -8.754666785414587 88.99998192133053
32.80122494175382 -8.560935816012048 88.99998190254536
32.85125366944411 -8.36690574883305 88.99998188418085
32.90013465605616 -8.17258336280514 88.99998186623766
32.94786619381007 -7.9779754470684106 88.9999818487164
32.99444661508479 -7.783088800738764 88.9999818316177
33.039874292476426 -7.58793023267014 88.99998181494215
33.08414763885503 -7.392506561217095 88.99998179869031
33.12726510742015 -7.196824613995891 88.99998178286279
33.16922519175484 -7.000891227646416 88.99998176746011
33.210026425878276 -6.804713247593096 88.99998175248282
33.249667384296885 -6.60829752780621 88.99998173793145
33.288146682054354 -6.411650930561713 88.9999817238065
33.325462974779825 -6.2147803262019625 88.99998171010847
33.361614958735 -6.017692592895569 88.99998169683784
33.39660137085959 -5.820394616396967 88.99998168399505
33.43042098881547 -5.622893289806318 88.99998167158057
33.46307263102942 -5.42519551332798 88.99998165959482
33.494555156734386 -5.227308194029892 88.99998164803824
33.52486746600935 -5.029238245602034 88.99998163691123
33.55400849981766 -4.830992588115346 88.99998162621415
33.581977240044225 -4.63257814777925 88.99998161594742
33.608772709530896 -4.434001856700139 88.99998160611135
33.634393972110715 -4.235270652639067 88.99998159670632
33.65884013264057 -4.036391478769243 88.99998158773265
33.68211033703248 -3.837371283433931 88.99998157919063
33.704203772283485 -3.6382170199029766 88.9999815710806
33.72511966650397 -3.4389356461303513 88.9999815634028
33.74485728894469 -3.2395341245108233 88.99998155615754
33.76341595002225 -3.040019421637187 88.99998154934504
33.780795001343265 -2.8403985080561487 88.99998154296554
33.79699383572697 -2.64067835802527 88.9999815370193
33.81201188722644 -2.4408659492690705 88.99998153150648
33.825848631148354 -2.2409682627357173 88.99998152642729
33.83850358407132 -2.040992282352411 88.99998152178192
33.84997630386282 -1.8409449947818648 88.99998151757052
33.8602663896946 -1.640833389177967 88.99998151379324
33.86937348205667 -1.4406644569420783 88.99998151045023
33.87729726276993 -1.240445191478049 88.99998150754156
33.8840374549972 -1.0401825879483668 88.99998150506738
33.889593823252945 -0.8398836430296437 88.99998150302775
33.893966173411506 -0.6395553546680487 88.99998150142275
33.89715435271386 -0.43920472183529913 88.99998150025245
33.89915824977295 -0.23883874428341104 88.99998149951685
33.899977794577616 -0.03846442230062722 88.99998149921602
33.899612958495 0.16191124353339628 88.99998149934994
33.89806375427157 0.3622812525916914 88.99998149991862
33.89533023603264 0.5626386044452848 88.99998150092203
33.89141249928056 0.7629762991072945 88.99998150236016
33.88631068089129 0.963287337277611 88.99998150423292
33.88002495910964 1.163564720587557 88.99998150654028
33.87255555354309 1.3638014518439114 88.99998150928215
33.86390272515406 1.563990535274096 88.99998151245842
33.85406677625083 1.764124976770227 88.99998151606898
33.84304805047696 1.9641977841331149 88.99998152011374
33.83084693279927 2.1642019673172737 88.99998152459251
33.81746384949445 2.3641305386746545 88.99998152950516
33.802899268134084 2.563976513198898 88.99998153485151
33.78715369756836 2.763732908769491 88.9999815406314
33.770227687908324 2.963392746395227 88.99998154684458
33.75212183050659 3.162949050458755 88.99998155349085
33.732836757936724 3.3623948489598066 88.99998156057
33.712373143971114 3.5617231737590234 88.99998156808178
33.69073170355749 3.760927060820925 88.9999815760259
33.66791319279388 3.9599995504579364 88.9999815844021
33.643918408902216 4.158933687573061 88.99998159321008
33.61874819020049 4.357722521902995 88.99998160244955
33.59240341607343 4.556359108261073 88.99998161212017
33.56488500694187 4.754836506779431 88.9999816222216
33.53619392423048 4.953147783152196 88.9999816327535
33.506331170334235 5.151286008877267 88.9999816437155
33.475297788583354 5.349244261498621 88.9999816551072
33.44309486320695 5.547015624847688 88.99998166692824
33.40972351929503 5.7445931892857045 88.99998167917815
33.3751849227592 5.941970051944637 88.99998169185656
33.339480280292044 6.139139316968471 88.99998170496299
33.30261083932481 6.336094095754259 88.999981718497
33.264577887983975 6.532827507192309 88.9999817324581
33.22538275504613 6.729332677907309 88.99998174684582
33.185026809891575 6.9256027424981115 88.99998176165964
33.14351146245657 7.121630843777234 88.99998177689906
33.10083816318395 7.317410133011148 88.99998179256355
33.05700840297251 7.512933770159074 88.99998180865254
33.0120237131249 7.708194924112084 88.99998182516548
32.96588566529413 7.903186772931877 88.9999818421018
32.918595871428735 8.097902504088648 88.9999818594609
32.87015598371632 8.292335314699809 88.99998187724218
32.820567694525906 8.486478411767191 88.999981895445
32.76983273634881 8.680325012414619 88.99998191406875
32.71795288173815 8.873868344124404 88.99998193311276
32.66492994324683 9.067101644974677 88.99998195257639
32.61076577336426 9.260018163875152 88.99998197245893
32.55546226445162 9.452611160803123 88.9999819927597
32.49902134867577 9.644873907039045 88.99998201347798
32.4414449979418 9.836799685401164 88.99998203461307
32.38273522382398 10.028381790480895 88.9999820561642
32.32289407749558 10.21961352887662 88.99998207813064
32.26192364965721 10.410488219427782 88.99998210051162
32.199826070463835 10.60099919344783 88.99998212330635
32.136603509450175 10.791139794957923 88.99998214651403
32.072258175455055 10.98090338091899 88.99998217013386
32.00679231654419 11.170283321463945 88.99998219416503
31.94020821993162 11.359273000129429 88.99998221860666
31.872508211899927 11.547865814086522 88.99998224345792
31.80369465771874 11.736055174372112 88.99998226871796
31.733769961562224 11.92383450611875 88.99998229438586
31.662736566425195 12.111197248784022 88.99998232046073
31.590596954037533 12.298136856380443 88.99998234694169
31.51735364477762 12.4846467977037 88.99998237382778
31.44300919758429 12.670720556560942 88.99998240111807
31.367566209867302 12.856351631998567 88.99998242881163
31.29102731741686 13.041533538528892 88.99998245690747
31.213395194311197 13.22625980635741 88.9999824854046
31.13467255282335 13.410523981608389 88.99998251430205
31.054862143326314 13.59431962655056 88.99998254359879
30.97396675419711 13.777640319821618 88.9999825732938
30.891989211719128 13.960479656653211 88.99998260338606
30.80893237998353 14.142831249094272 88.9999826338745
30.724799160789164 14.32468872623431 88.99998266475805
30.639592493541123 14.506045734426099 88.99998269603564
30.553315355148257 14.686895937507224 88.9999827277062
30.465970759918857 14.867233017022109 88.99998275976857
30.37756175945555 15.04705067244233 88.99998279222169
30.288091442548563 15.226342621386944 88.99998282506438
30.197562935068067 15.405102599841571 88.99998285829551
30.105979399854583 15.583324362377878 88.99998289191392
30.013344036608753 15.761001682371338 88.99998292591843
29.919660081779398 15.93812835221901 88.99998296030786
29.82493080845069 16.114698183555966 88.99998299508101
29.729159526227466 16.29070500747216 88.99998303023666
29.6323495811198 16.4661426747275 88.99998306577358
29.534504355426012 16.641005055966936 88.99998310169052
29.435627267614727 16.81528604193415 88.99998313798625
29.335721772205066 16.988979543685648 88.99998317465948
29.234791359646238 17.162079492803063 88.99998321170894
29.132839556195485 17.334579841605272 88.99998324913332
29.029869923794845 17.50647456335981 88.99998328693133
28.925886059946947 17.677757652493003 88.99998332510164
28.82089159758897 17.848423124800394 88.99998336364293
28.714890204965933 18.018465017655423 88.99998340255384
28.60788558550243 18.187877390217952 88.99998344183301
28.4998814776735 18.3566543236414 88.99998348147906
28.390881654873624 18.524789921280156 88.99998352149063
28.280889925285145 18.69227830889518 88.99998356186632
28.169910131745162 18.859113634859337 88.99998360260469
28.05794615161119 19.025290070361947 88.99998364370434
27.945001896625985 19.19080180961202 88.99998368516383
27.83108131278047 19.355643070041687 88.9999837269817
27.71618838017611 19.51980809250785 88.99998376915651
27.60032711288577 19.683291141493577 88.99998381168677
27.48350155881371 19.846086505308094 88.999983854571
27.365715799553765 20.008188496286934 88.99998389780771
27.24697395024702 20.16959145099025 88.99998394139537
27.127280159437888 20.33028973040087 88.99998398533248
27.00663860892947 20.490277720120936 88.99998402961748
26.885053513637 20.649549830568645 88.99998407424884
26.762529121440906 20.808100497173122 88.99998411922499
26.639069713038232 20.965924180569036 88.99998416454437
26.514679601793375 21.123015366789772 88.9999842102054
26.389363133586958 21.279368567460605 88.99998425620647
26.263124686664273 21.43497831999011 88.99998430254598
26.135968671482257 21.589839187761076 88.9999843492223
26.00789953055532 21.743945760320553 88.99998439623383
25.878921738300452 21.897292653568527 88.9999844435789
25.749039800880407 22.04987450994654 88.99998449125584
25.618258256046616 22.201685998624548 88.99998453926304
25.48658167298046 22.352721815687303 88.99998458759877
25.354014652133966 22.502976684319336 88.99998463626137
25.2205618250686 22.652445354989837 88.99998468524913
25.08622785429379 22.80112260563571 88.99998473456033
24.951017433103896 22.949003241844096 88.99998478419327
24.814935285414226 23.096082097033953 88.99998483414619
24.67798616559626 23.242354032636204 88.99998488441737
24.540174858311094 23.387813938273798 88.99998493500503
24.401506178342498 23.53245673193999 88.99998498590742
24.261984970428966 23.67627736017563 88.99998503712276
24.121616109093935 23.819270798246233 88.99998508864925
23.980404498475842 23.961432050317207 88.9999851404851
23.838355072156656 24.10275614962846 88.99998519262849
23.69547279298949 24.243238158668007 88.9999852450776
23.551762652925486 24.382873169344162 88.9999852978306
23.407229672838948 24.521656303157492 88.99998535088565
23.26187890235224 24.659582711370945 88.9999854042409
23.1157154196592 24.79664757517941 88.99998545789448
22.968744331348056 24.93284610587774 88.99998551184451
22.820970772222523 25.068173545028554 88.99998556608911
22.67239990512273 25.202625164628166 88.99998562062639
22.523036920744744 25.336196267271838 88.99998567545443
22.372887037459172 25.468882186317988 88.99998573057132
22.22195550112916 25.60067828605089 88.99998578597516
22.0702475849266 25.73157996184315 88.99998584166399
21.91776858914826 25.861582640316218 88.99998589763585
21.764523841030403 25.990681779500367 88.99998595388881
21.610518694563062 26.118872868993034 88.9999860104209
21.45575853030241 26.246151430116893 88.99998606723014
21.300248755183155 26.372513016076002 88.99998612431455
21.14399480232954 26.49795321211126 88.99998618167211
20.98700213086543 26.6224676356547 88.99998623930087
20.82927622572397 26.74605193648231 88.99998629719876
20.670822597455366 26.868701796866496 88.9999863553638
20.51164678203467 26.990412931726656 88.99998641379393
20.35175434066863 27.11118108877872 88.99998647248712
20.191150859600846 27.231002048684125 88.99998653144132
20.029841949916957 27.349871625196954 88.99998659065447
19.867833247348525 27.46778566531024 88.9999866501245
19.705130412076045 27.584740049401162 88.99998670984932
19.541739128531553 27.700730691374673 88.99998676982686
19.37766510519948 27.815753538806696 88.99998683005502
19.21291407441757 27.929804573085395 88.9999868905317
19.047491792176423 28.042879809551756 88.99998695125478
18.8814040379188 28.154975297638483 88.99998701222215
18.714656614337088 28.266087121008475 88.99998707343165
18.54725534717098 28.37621139769135 88.99998713488118
18.379206085003844 28.485344280219135 88.99998719656857
18.210514699058265 28.593481955760783 88.99998725849167
18.04118708299134 28.7006206462551 88.99998732064832
17.871229152688173 28.80675660854313 88.99998738303634
17.70064684605556 28.911886134498687 88.99998744565356
17.529446122814353 29.016005551158017 88.99998750849778
17.357632964291657 29.119111220847895 88.99998757156682
17.185213373211223 29.221199541313062 88.99998763485847
17.012193373484152 29.322266945841857 88.99998769837052
16.838579009998323 29.422309903390875 88.99998776210074
16.66437634840711 29.521324918708395 88.99998782604692
16.489591474917866 29.619308532456262 88.99998789020681
16.314230496078654 29.7162573213311 88.99998795457817
16.13829953856524 29.812167898183723 88.99998801915878
15.961804748967328 29.90703691213735 88.99998808394633
15.784752293573206 30.00086104870494 88.99998814893861
15.60714835815471 30.09363702990485 88.99998821413332
15.428999147751021 30.185361614375342 88.9999882795282
15.250310886451759 30.27603159748794 88.99998834512094
15.071089817179967 30.36564381145913 88.99998841090927
14.891342201473346 30.454195125461396 88.99998847689089
14.711074319265927 30.541682445732363 88.99998854306348
14.530292468668446 30.628102715683 88.99998860942473
14.349002965748744 30.7134529160042 88.99998867597235
14.167212144310435 30.797730064772587 88.99998874270398
13.984926355672076 30.88093121755447 88.99998880961729
13.802151968445136 30.963053467508782 88.99998887670998
13.618895368311392 31.044093945488694 88.99998894397966
13.435162957800273 31.124049820141625 88.999989011424
13.250961156064502 31.202918298008512 88.99998907904066
13.066296398656283 31.280696623621147 88.99998914682726
12.881175137302211 31.357382079598594 88.99998921478142
12.695603839678338 31.432971986741904 88.99998928290078
12.509588989183529 31.507463704128043 88.99998935118298
12.323137084713382 31.58085462920191 88.99998941962559
12.136254640432972 31.653142197867414 88.99998948822625
11.948948185549694 31.724323884576854 88.99998955698256
11.76122426408448 31.794397202419415 88.9999896258921
11.57308943464362 31.86335970320789 88.99998969495249
11.384550270189388 31.931208977564296 88.9999897641613
11.19561335781086 31.997942655003882 88.99998983351611
11.006285298493092 32.063558404018195 88.9999899030145
10.816572706886955 32.1280539321564 88.99998997265405
10.626482211077917 32.19142698610535 88.99999004243232
10.436020452354366 32.253675351768415 88.99999011234686
10.245194084976035 32.31479685434266 88.99999018239527
10.054009775940832 32.37478935839503 88.99999025257505
9.862474204752369 32.43365076793686 88.99999032288378
9.670594063186368 32.49137902649713 88.99999039331898
9.478376055057321 32.54797211719418 88.99999046387822
9.285826895983604 32.60342806280641 88.999990534559
9.092953313153288 32.657744925841186 88.99999060535889
8.899762045089 32.710920808602594 88.99999067627539
8.70625984141239 32.762953853257756 88.99999074730603
8.512453462608768 32.81384224190162 88.99999081844831
8.318349679790217 32.863584196620664 88.99999088969977
8.123955274459371 32.912177979554876 88.99999096105792
7.929277038272849 32.95962189295847 88.99999103252026
7.73432177280326 33.00591427925928 88.99999110408429
7.539096289302041 33.05105352111665 88.9999911757475
7.343607408461375 33.095038041477856 88.9999912475074
7.147861960175775 33.137866303633345 88.99999131936148
6.951866783303931 33.179536811270246 88.99999139130725
6.755628725429081 33.22004810852483 88.99999146334216
6.559154642620235 33.25939878003326 88.9999915354637
6.362451399192406 33.2975874509811 88.99999160766937
6.165525867467267 33.334612787151265 88.99999167995664
5.968384927532333 33.37047349497071 88.99999175232298
5.771035467001064 33.40516832155566 88.99999182476587
5.573484380772111 33.43869605475525 88.99999189728277
5.3757385707883065 33.471055523194 88.99999196987113
5.177804945796002 33.50224559631266 88.99999204252846
4.979690421102978 33.53226518440776 88.99999211525218
4.781401918337324 33.561113238669655 88.99999218803977
4.582946365205367 33.58878875121919 88.99999226088867
4.38433069525012 33.61529075514285 88.99999233379636
4.185561847608315 33.64061832452665 88.99999240676027
3.9866467667684558 33.66477057448838 88.99999247977786
3.7875924023280656 33.68774666120858 88.99999255284658
3.588405708750773 33.709545781960024 88.99999262596387
3.389093645123815 33.730167175135676 88.99999269912719
3.189663174914187 33.74961012027546 88.99999277233397
2.990121265725715 33.76787393809129 88.99999284558166
2.7904748890559854 33.78495799049083 88.99999291886769
2.590731020052059 33.80086168059986 88.9999929921895
2.3908966372672547 33.81558445278305 88.99999306554456
2.1909787224172184 33.82912579266341 88.99999313893026
1.9909842601359977 33.84148522714025 88.99999321234407
1.7909202377318971 33.8526623244057 88.99999328578342
1.5907936449438387 33.86265669395983 88.99999335924574
1.3906114736964381 33.87146798662425 88.99999343272844
1.1903807178560826 33.879095894554354 88.99999350622899
0.9901083729869468 33.88554015125001 88.9999935797448
0.7898014361058595 33.89080053156497 88.99999365327332
0.5894669054383301 33.89487685171462 88.99999372681195
0.38911178017392545 33.89776896928251 88.99999380035815
0.18874306022161594 33.89947678322524 88.99999387390935
-0.011632254034302195 33.900000233876035 88.99999394746295
-0.21200716197950528 33.899339302946856 88.99999402101642
-0.4123746630138653 33.89749401352896 88.99999409456717
-0.6127277567956718 33.894464430092185 88.99999416811262
-0.8130594434869294 33.89025065848262 88.99999424165021
-1.0133627239974323 33.88485284591896 88.99999431517739
-1.2136306002294166 33.878271180987305 88.99999438869156
-1.4138560753220553 33.87050589363467 88.99999446219017
-1.6140321538960312 33.86155725516084 88.99999453567065
-1.8141518422974587 33.85142557820895 88.99999460913043
-2.014208148842945 33.84011121675458 88.99999468256694
-2.214194084063501 33.827614566093324 88.99999475597761
-2.4141026609483762 33.81393606282704 88.99999482935989
-2.613926895189888 33.79907618484856 88.99999490271122
-2.8136598054269557 33.78303545132501 88.99999497602901
-3.0132944134891315 33.76581442267969 88.99999504931073
-3.212823744640522 33.747413700572416 88.9999951225538
-3.412240827822985 33.72783392787863 88.99999519575567
-3.6115386959004043 33.707075788666806 88.99999526891376
-3.8107103859016216 33.685140008174635 88.99999534202556
-4.009748939263947 33.66202735278364 88.99999541508848
-4.208647402075792 33.63773862999246 88.99999548809996
-4.407398825320346 33.61227468838857 88.99999556105747
-4.605996265117871 33.58563641761868 88.99999563395846
-4.804432782968429 33.55782474835761 88.99999570680039
-5.002701445994415 33.52884065227581 88.99999577958069
-5.2007953271822895 33.498685142005456 88.99999585229683
-5.398707505625321 33.46735927110495 88.99999592494629
-5.596431066765014 33.43486413402217 88.9999959975265
-5.793959102632337 33.40120086605634 88.99999607003492
-5.991284712089779 33.36637064331816 88.99999614246906
-6.188401001071989 33.3303746826889 88.99999621482635
-6.385301082826747 33.29321424177774 88.99999628710428
-6.58197807815558 33.25489061887796 88.99999635930031
-6.778425115654212 33.21540515292147 88.99999643141193
-6.974635331952171 33.174759223432154 88.99999650343662
-7.17060187195328 33.13295425047754 88.99999657537187
-7.3663178890748044 33.08999169461925 88.99999664721514
-7.561776545486303 33.04587305686202 88.99999671896396
-7.756971012349231 33.000599878601165 88.99999679061578
-7.95189447005505 32.95417374156877 88.99999686216813
-8.146540108463599 32.90659626777845 88.9999969336185
-8.340901127141166 32.8578691194686 88.9999970049644
-8.534970735597577 32.80799399904451 88.99999707620331
-8.728742153524157 32.75697264901862 88.99999714733278
-8.92220861103016 32.70480685194985 88.99999721835029
-9.115363348879503 32.65149843038118 88.99999728925337
-9.308199618726462 32.59704924677618 88.99999736003956
-9.500710683352155 32.54146120345367 88.99999743070637
-9.692889816899426 32.48473624252145 88.99999750125133
-9.884730305107976 32.42687634580837 88.99999757167198
-10.076225445549037 32.3678835347951 88.99999764196588
-10.2673685478591 32.30775987054359 88.99999771213054
-10.458152933974322 32.246507453624915 88.99999778216352
-10.64857193836352 32.18412842404591 88.99999785206236
-10.83861890826069 32.12062496117461 88.99999792182466
-11.028287203898131 32.05599928366381 88.99999799144796
-11.217570198737965 31.990253649373724 88.9999980609298
-11.406461279703763 31.923390355293076 88.9999981302678
-11.594953847411587 31.85541173745884 88.9999981994595
-11.783041316400682 31.786320170874586 88.9999982685025
-11.970717115363085 31.716118069427647 88.99999833739437
-12.157974687373905 31.64480788580458 88.99999840613275
-12.344807490120047 31.57239211140555 88.99999847471518
-12.531208996128473 31.498873276257456 88.9999985431393
-12.717172692994911 31.424253948925244 88.9999986114027
-12.902692083610932 31.34853673642239 88.99999867950301
-13.087760686391064 31.271724284119703 88.99999874743784
-13.272372035499357 31.193819275652938 88.99999881520483
-13.456519681074822 31.11482443282915 88.9999988828016
-13.640197189457457 31.034742515531363 88.9999989502258
-13.823398143412572 30.95357632162233 88.99999901747506
-14.006116142355205 30.871328686846663 88.99999908454704
-14.188344802573313 30.788002484731987 88.9999991514394
-14.370077757451462 30.703600626488228 88.99999921814978
-14.551308657692813 30.618126060906114 88.99999928467588
-14.732031171541074 30.531581774254082 88.99999935101536
-14.912238985001801 30.44397079017393 88.9999994171659
-15.091925802062594 30.35529616957533 88.9999994831252
-15.271085344913677 30.265561010528646 88.99999954889094
-15.449711354166935 30.174768448156797 88.99999961446083
-15.62779758907425 30.082921654525887 88.99999967983258
-15.805337827746214 29.990023838534096 88.99999974500392
-15.982325867369054 29.89607824579975 88.99999980997255
-16.15875552442145 29.80108815854788 88.9999998747362
-16.33462063489059 29.705056895495577 88.99999993929264
-16.509915054487603 29.60798781173593 89.00000000363957
-16.684632658861837 29.509884298621106 89.00000006777478
-16.858767343815437 29.41074978364346 89.000000131696
-17.032313025516295 29.310587730315984 89.00000019540101
-17.2052636407103 29.209401638051492 89.00000025888758
-17.377613146933804 29.10719504203999 89.0000003221535
-17.549355522724287 29.003971513125386 89.00000038519656
-17.720484767830868 28.899734657680714 89.00000044801455
-17.890994903424026 28.79448811748202 89.00000051060528
-18.060879972304075 28.68823556958144 89.00000057296656
-18.23013403910991 28.58098072617831 89.0000006350962
-18.398751190526063 28.47272733448968 89.00000069699205
-18.566725535489006 28.363479176619563 89.00000075865194
-18.73405120539357 28.253240069426457 89.00000082007371
-18.900722354297574 28.142013864390226 89.00000088125523
-19.066733159126173 28.029804447477446 89.00000094219435
-19.23207781987529 27.916615739005696 89.00000100288894
-19.39675055981437 27.802451693506484 89.00000106333687
-19.56074562568781 27.687316299587366 89.00000112353605
-19.72405728791653 27.571213579792193 89.00000118348437
-19.88667984079788 27.454147590460774 89.00000124317972
-20.04860760270468 27.336122421587355 89.00000130262003
-20.209834916284304 27.217142196677333 89.00000136180323
-20.37035614865597 27.097211072603443 89.00000142072724
-20.53016569160758 26.976333239460462 89.00000147939001
-20.689257961791714 26.85451292041885 89.00000153778947
-20.84762740092077 26.731754371577072 89.00000159592359
-21.005268475960776 26.608061881813235 89.00000165379036
-21.162175679325266 26.48343977263482 89.00000171138772
-21.318343529067437 26.357892398027865 89.0000017687137
-21.47376656907136 26.23142414430511 89.00000182576626
-21.628439369243196 26.104039429952294 89.00000188254344
-21.782356525700518 25.975742705474094 89.00000193904323
-21.935512660961216 25.84653845323853 89.00000199526366
-22.087902424131446 25.716431187320314 89.00000205120277
-22.23952049109223 25.58542545334344 89.00000210685862
-22.390361564686007 25.453525828321908 89.00000216222924
-22.540420374901426 25.320736920500035 89.0000022173127
-22.689691679057198 25.187063369191716 89.0000022721071
-22.838170261985816 25.05250984461783 89.0000023266105
-22.985850936215364 24.917081047743423 89.000002380821
-23.132728542150897 24.78078171011337 89.00000243473671
-23.27879794825466 24.64361659368708 89.00000248835576
-23.42405405122548 24.505590490672017 89.00000254167625
-23.568491776176696 24.366708223356643 89.00000259469634
-23.712106076814017 24.226974643941393 89.00000264741416
-23.85489193561154 24.08639463436945 89.00000269982789
-23.99684436398679 23.944973106156404 89.00000275193567
-24.137958402475544 23.802715000218154 89.0000028037357
-24.278229120904733 23.659625286698613 89.00000285522617
-24.417651618564808 23.515708964796023 89.00000290640527
-24.55622102438102 23.370971062588147 89.00000295727122
-24.69393249708326 23.225416636857002 89.00000300782223
-24.83078122537574 23.079050772911625 89.00000305805656
-24.966762428104705 22.931878584410775 89.00000310797243
-25.101871354425683 22.783905213184106 89.0000031575681
-25.236103283969104 22.635135829052853 89.00000320684185
-25.369453527005753 22.485575629648693 89.00000325579197
-25.501917424610234 22.33522984023251 89.00000330441671
-25.633490348823877 22.18410371351176 89.00000335271439
-25.764167702816465 22.032202529456836 89.00000340068333
-25.893944921046547 21.879531595116973 89.00000344832185
-26.022817469421405 21.726096244434302 89.00000349562828
-26.150780845455245 21.57190183805775 89.00000354260098
-26.277830578426233 21.416953763156044 89.00000358923829
-26.403962229533203 21.261257433228923 89.0000036355386
-26.529171392050397 21.1048182879184 89.00000368150029
-26.65345369148151 20.947641792818587 89.00000372712174
-26.776804785712518 20.78973343928478 89.00000377240136
-26.899220365163483 20.631098744241495 89.00000381733757
-27.02069615293878 20.471743249990066 89.0000038619288
-27.141227904976997 20.311672524014504 89.0000039061735
-27.260811410198972 20.15089215878722 89.00000395007012
-27.37944249065471 19.98940777157394 89.00000399361713
-27.49711700166979 19.827225004236876 89.000004036813
-27.613830831989866 19.664349523038013 89.00000407965621
-27.72957990392438 19.50078701844101 89.0000041221453
-27.844360173489097 19.336543204912328 89.00000416427875
-27.958167630547134 19.171623820721965 89.0000042060551
-28.070998298949434 19.006034627742363 89.00000424747289
-28.18284823667346 18.839781411247536 89.00000428853068
-28.293713535961015 18.672869979710697 89.00000432922702
-28.403590323454512 18.505306164601787 89.0000043695605
-28.512474760332722 18.33709582018308 89.00000440952972
-28.620363042444595 18.168244823305077 89.00000444913326
-28.727251400442245 17.998759073201086 89.00000448836975
-28.833136099912714 17.828644491281015 89.00000452723783
-28.93801344150819 17.657907020924878 89.00000456573612
-29.041879761075613 17.486552627274573 89.00000460386329
-29.144731429784525 17.314587297025753 89.000004641618
-29.246564854253638 17.142017038218974 89.00000467899893
-29.347376476676786 16.968847880029188 89.00000471600478
-29.44716277494696 16.79508587255551 89.00000475263425
-29.545920262779408 16.620737086609726 89.00000478888607
-29.643645489833474 16.445807613504197 89.00000482475897
-29.74033504183315 16.27030356483894 89.0000048602517
-29.83598554068619 16.094231072288544 89.00000489536302
-29.93059364460244 15.917596287387271 89.00000493009168
-30.024156048210425 15.740405381314497 89.0000049644365
-30.116669482672666 15.562664544679393 89.00000499839625
-30.208130715800234 15.384379987304026 89.00000503196978
-30.298536552165416 15.205557938006804 89.00000506515588
-30.387883833213458 15.026204644384777 89.0000050979534
-30.47616943737292 14.846326372595236 89.00000513036122
-30.563390280164572 14.665929407137224 89.00000516237817
-30.649543314309447 14.485020050631324 89.00000519400317
-30.73462552983509 14.303604623599899 89.00000522523507
-30.818633954180836 14.12168946424604 89.00000525607282
-30.90156565230147 13.939280928232577 89.00000528651532
-30.983417726770043 13.756385388459357 89.00000531656151
-31.064187317878933 13.57300923484104 89.00000534621036
-31.143871603739782 13.389158874083728 89.0000053754608
-31.22246780038214 13.204840729461042 89.00000540431184
-31.29997316185055 13.020061240590126 89.00000543276244
-31.37638498030076 12.834826863206015 89.00000546081162
-31.451700586094173 12.649144068936417 89.00000548845843
-31.525917347891017 12.463019345075946 89.00000551570184
-31.599032672742513 12.276459194358793 89.00000554254096
-31.671044006181297 12.089470134731995 89.00000556897483
-31.74194883231074 11.902058699127599 89.00000559500252
-31.811744673892797 11.714231435234417 89.00000562062313
-31.880429092434625 11.52599490526915 89.00000564583574
-31.94799968827363 11.337355685747575 89.00000567063951
-32.01445410066151 11.148320367254103 89.00000569503354
-32.07979000784664 10.958895554211853 89.000005719017
-32.14400512715506 10.769087864652263 89.00000574258902
-32.2070972150705 10.578903929983166 89.00000576574882
-32.26906406731249 10.388350394757593 89.00000578849557
-32.32990351891358 10.197433916441481 89.00000581082847
-32.38961344429487 10.006161165180997 89.00000583274674
-32.44819175734022 9.81453882356993 89.00000585424962
-32.505636411469276 9.622573586415543 89.00000587533636
-32.56194539970894 9.43027216050502 89.00000589600621
-32.617116754763316 9.237641264371481 89.00000591625847
-32.671148549082716 9.044687628058574 89.00000593609242
-32.7240388949308 8.851417992885802 89.00000595550736
-32.77578594445062 8.657839111212876 89.00000597450263
-32.82638788972912 8.463957746203812 89.00000599307755
-32.87584296286042 8.269780671590526 89.00000601123149
-32.92414943600733 8.075314671436637 89.00000602896378
-32.971305621462065 7.880566539899754 89.00000604627384
-33.01730987170493 7.685543080994457 89.00000606316105
-33.062160579461974 7.490251108354925 89.00000607962481
-33.105856177761176 7.294697444996189 89.00000609566456
-33.148395139987166 7.098888923076221 89.00000611127973
-33.18977597993454 6.902832383657113 89.00000612646977
-33.229997251859814 6.706534676466071 89.00000614123417
-33.26905755053194 6.510002659655987 89.0000061555724
-33.30695551128132 6.313243199566299 89.00000616948394
-33.343689810047614 6.1162631704823935 89.00000618296833
-33.37925916342592 5.91906945439579 89.00000619602511
-33.41366232871159 5.721668940764051 89.0000062086538
-33.44689810394372 5.52406852626938 89.00000622085396
-33.4789653279471 5.32627511457813 89.00000623262517
-33.5098628803728 5.1282956160995035 89.00000624396702
-33.539589681737276 4.930136947743986 89.00000625487911
-33.56814469346011 4.731806032682174 89.00000626536107
-33.59552691790034 4.533309800102176 89.00000627541252
-33.62173539839122 4.334655184967883 89.0000062850331
-33.6467692192737 4.1358491277770355 89.00000629422249
-33.67062750592845 3.9368985743180245 89.00000630298038
-33.69330942480635 3.7378104754276995 89.00000631130644
-33.714814183457634 3.5385917867484062 89.00000631920038
-33.7351410305596 3.339249468484972 89.00000632666195
-33.75428925594284 3.139790485161412 89.00000633369086
-33.77225819061603 2.940221805378091 89.00000634028689
-33.78904720678935 2.7405504015675333 89.0000063464498
-33.80465571789641 2.5407832497511835 89.00000635217934
-33.81908317861467 2.340927329296046 89.00000635747537
-33.832329084884606 2.1409896226701193 89.00000636233767
-33.84439297392724 1.940977115198926 89.00000636676607
-33.85527442426032 1.7408967948213443 89.00000637076042
-33.8649730557131 1.5407556518453471 89.00000637432059
-33.87348852943953 1.3405606787042572 89.00000637744644
-33.88082054793016 1.140318869711729 89.00000638013788
-33.886968855022545 0.9400372208178652 89.00000638239479
-33.891933235910145 0.7397227293645549 89.00000638421712
-33.89571351714984 0.5393823938414857 89.00000638560478
-33.89830956666802 0.33902321364091104 89.00000638655773
-33.89972129376519 0.13865218881359162 89.00000638707594
-33.899948649119125 -0.06172368017589077 89.0000063871594
-33.89899162478658 -0.2620973926938314 89.0000063868081
-33.89685025420361 -0.46246194818150643 89.00000638602205
-33.89352461218438 -0.6628103464004765 89.00000638480128
-33.88901481491852 -0.8631355876767978 89.00000638314583
-33.88332101996713 -1.0634306731452101 89.00000638105575
-33.87644342625721 -1.2636886049943847 89.00000637853113
-33.868382274074776 -1.4639023867109258 89.00000637557204
-33.85913784505639 -1.664065023323934 89.0000063721786
-33.84871046217939 -1.864169521649393 89.00000636835094
-33.83710048975056 -2.0642088905346125 89.00000636408916
-33.824308333393425 -2.2641761411020034 89.00000635939342
-33.81033444003407 -2.464064286993971 89.0000063542639
-33.795179297885504 -2.66386634461664 89.00000634870077
-33.778843436430684 -2.863575333383486 89.00000634270421
-33.76132742640391 -3.0631842759599373 89.00000633627444
-33.742631879770954 -3.262686198506669 89.00000632941169
-33.72275744970765 -3.4620741309233662 89.0000063221162
-33.701704830577064 -3.6613411070923694 89.00000631438823
-33.67947475790531 -3.860480165121567 89.00000630622803
-33.65606800835576 -4.059484347588347 89.0000062976359
-33.63148539970194 -4.258346701782197 89.00000628861214
-33.60572779079896 -4.457060279947847 89.00000627915705
-33.57879608155354 -4.655618139527538 89.00000626927098
-33.55069121289254 -4.854013343404281 89.00000625895427
-33.52141416673006 -5.052238960143761 89.00000624820727
-33.49096596593318 -5.250288064236609 89.00000623703038
-33.45934767428617 -5.4481537363404895 89.00000622542396
-33.42656039645347 -5.6458290635213695 89.00000621338843
-33.39260527794086 -5.843307139495747 89.00000620092422
-33.357483505055605 -6.040581064871585 89.00000618803173
-33.32119630486502 -6.237643947389007 89.00000617471146
-33.28374494515349 -6.434488902161802 89.00000616096385
-33.245130734378236 -6.6311090519174964 89.00000614678937
-33.205355021623625 -6.82749752723774 89.00000613218853
-33.16441919655399 -7.0236474667983115 89.00000611716185
-33.1223246893651 -7.219552017608954 89.00000610170983
-33.07907297073424 -7.4152043352523265 89.00000608583302
-33.03466555176871 -7.610597584123844 89.00000606953198
-32.98910398395311 -7.805724937670136 89.00000605280728
-32.942389859095194 -8.000579578627201 89.0000060356595
-32.89452480927014 -8.195154699259287 89.00000601808924
-32.845510506763546 -8.389443501596272 89.0000060000971
-32.7953486640131 -8.583439197671279 89.00000598168373
-32.74404103354861 -8.777135009757949 89.00000596284977
-32.69158940793097 -8.970524170606776 89.00000594359587
-32.637995619689335 -9.163599923682236 89.0000059239227
-32.58326154125715 -9.356355523398374 89.00000590383095
-32.5273890849068 -9.548784235354706 89.00000588332134
-32.47038020268282 -9.740879336571053 89.00000586239457
-32.41223688633354 -9.93263411572311 89.00000584105136
-32.35296116724162 -10.124041873376454 89.00000581929248
-32.29255511635305 -10.315095922220742 89.00000579711867
-32.2310208441048 -10.50578958730344 89.00000577453072
-32.168360500351135 -10.696116206262586 89.00000575152941
-32.104576274288384 -10.886069129560235 89.00000572811555
-32.03967039437851 -11.075641720714442 89.00000570428995
-31.973645128271393 -11.264827356530777 89.00000568005345
-31.90650278272535 -11.453619427334406 89.0000056554069
-31.838245703526717 -11.642011337200561 89.00000563035114
-31.76887627540784 -11.829996504185104 89.00000560488706
-31.698396921963784 -12.017568360554481 89.00000557901556
-31.62681010556758 -12.20472035301529 89.00000555273752
-31.554118327284385 -12.391445942942793 89.00000552605388
-31.480324126783866 -12.577738606610032 89.00000549896556
-31.40543008225154 -12.763591835415413 89.00000547147353
-31.329438810298903 -12.948999136109766 89.00000544357871
-31.252352965871687 -13.133954031023876 89.0000054152821
-31.174175242157318 -13.318450058294347 89.00000538658468
-31.09490837049076 -13.502480772089472 89.00000535748747
-31.014555120259043 -13.686039742834554 89.00000532799146
-30.933118298804708 -13.869120557436087 89.00000529809769
-30.85060075132743 -14.051716819506485 89.00000526780721
-30.767005360784758 -14.233822149587217 89.00000523712109
-30.68233504779154 -14.415430185371367 89.00000520604037
-30.596592770517592 -14.596534581926567 89.00000517456617
-30.50978152458454 -14.777129011916248 89.00000514269956
-30.421904342961113 -14.957207165820792 89.00000511044168
-30.33296429585718 -15.136762752157994 89.00000507779363
-30.24296449061642 -15.315789497702955 89.00000504475658
-30.151908071608002 -15.494281147706838 89.00000501133167
-30.059798220116363 -15.672231466116036 89.00000497752005
-29.96663815423027 -15.849634235789715 89.00000494332292
-29.87243112873051 -16.026483258716713 89.00000490874149
-29.777180434975882 -16.202772356232717 89.00000487377693
-29.680889400788406 -16.378495369235715 89.0000048384305
-29.583561390336993 -16.55364615840127 89.00000480270342
-29.48519980401988 -16.72821860439712 89.00000476659692
-29.38580807834604 -16.902206608096577 89.00000473011228
-29.28538968581477 -17.07560409079221 89.00000469325077
-29.18394813479462 -17.24840499440782 89.0000046560137
-29.08148696940067 -17.420603281710306 89.00000461840233
-28.978009769370992 -17.592192936520153 89.00000458041801
-28.87352014994117 -17.763167963922275 89.00000454206204
-28.768021761718288 -17.93352239047504 89.00000450333577
-28.661518290553282 -18.103250264419035 89.00000446424056
-28.55401345741212 -18.27234565588517 89.00000442477777
-28.44551101824606 -18.440802657101386 89.00000438494878
-28.33601476386003 -18.608615382599712 89.00000434475498
-28.225528519780404 -18.775777969421558 89.00000430419779
-28.11405614612151 -18.94228457732225 89.0000042632786
-28.001601537450384 -19.108129388975712 89.00000422199885
-27.888168622651005 -19.273306610177247 89.00000418035998
-27.77376136478689 -19.437810470046127 89.00000413836345
-27.65838376096271 -19.601635221227188 89.00000409601074
-27.54203984218452 -19.76477514009172 89.0000040533033
-27.424733673219226 -19.927224526937074 89.00000401024265
