33.90000292001074 1.5730817211085749e-07 98.00000040378606
33.88518517744291 1.0022091368475512 97.98823567863113
33.840744921381834 2.0035419826392245 97.97647096435
33.76672100160734 3.0031233269913313 97.96470626092842
33.66317813001248 4.000079333378973 97.95294156834262
33.53020682403221 4.993538460354301 97.9411768865594
33.36792332751281 5.982632223450245 97.92941221553609
33.17646950909128 6.966495954411813 97.91764755522058
32.95601273817335 7.944269557091258 97.90588290555145
32.706745738618764 8.915098259346294 97.89411826645797
32.42888642026161 9.878133360284048 97.88235363786012
32.12267768841294 10.832532972197518 97.87058901966876
31.78838723151239 11.777462756545926 97.8588244117856
31.42630728711427 12.712096653335557 97.8470598141034
31.03675438641272 13.6356176032635 97.83529522650595
30.620069077529365 14.54721826199293 97.82353064886824
30.17661562780531 15.44610170593557 97.81176608105656
29.706781705357688 16.331482128924286 97.8000015229286
29.210978040179224 17.20258552916682 97.7882369743336
28.68963806507705 18.0586503858801 97.77647243511244
28.143217536764652 18.898928325013614 97.76470790509784
27.572194137438196 19.722684773479926 97.75294338411443
26.977067057185558 20.52919960132026 97.74117887197899
26.3583565575931 21.317767751243974 97.72941436850053
25.716603516931674 22.087699854991357 97.7176498734805
25.052368957319477 22.838322835981167 97.70588538671298
24.366233554275112 23.568980497715813 97.6941209079848
23.658797129089574 24.279034097430003 97.68235643707577
22.930678124460997 24.967862904481294 97.6705919737589
22.18251306385047 25.63486474299434 97.65882751780052
21.414955995031605 26.279456518284594 97.64706306896053
20.62867791832041 26.901074726601134 97.63529862699265
19.824366199985022 27.499175947743048 97.62353419164454
19.00272397134845 28.07323732011876 97.6117697626581
18.164469514109395 28.622756997832948 97.60000533976965
17.310335632418568 29.147254589401452 97.58824092271023
16.441069012259483 29.64627157771077 97.5764765112057
15.557429568693676 30.11937172085482 97.56471210497715
14.660189781541012 30.566141433498775 97.552947703741
13.750134020075981 30.98619014843631 97.54118330720932
12.828057857329995 31.379150658024553 97.52941891509009
11.894767374599523 31.74467943519782 97.5176545270874
10.95107845676775 32.0824569337799 97.50589014290176
9.99781607905598 32.39218786783214 97.49412576223034
9.035813585828231 32.673601469793084 97.48236138476723
8.065911962079467 32.92645172718423 97.47059701020373
7.0889590982444 33.15051759767472 97.4588326382286
6.10580904896962 33.34560320231711 97.44706826852831
5.117321286496748 33.51153799678523 97.4353039007874
4.124359949309744 33.648176920464486 97.42353953468864
3.127793086702812 33.75540052326417 97.4117751699134
2.1284918999295397 33.833115070041096 97.40001080614186
1.1273299805966186 33.881252622543045 97.38824644305338
0.12518254696778033 33.89977109880055 97.37648208032664
-0.8770743211541615 33.888654309915104 97.36471771764008
-1.8785644482984762 33.84791197421151 97.35295335467205
-2.8784123292813013 33.777579708742095 97.3411889911012
-3.875743894574529 33.677718998150205 97.32942462660667
-4.8696872744195625 33.548417140920144 97.3176602608684
-5.8593735610180415 33.38978717306068 97.30589589356744
-6.843937568133173 33.2019677692886 97.29413152438619
-7.822518587437831 32.98512312179903 97.28236715300872
-8.794261140947867 32.73944279672806 97.27060277912099
-9.75831572888312 32.46514156843374 97.25883840241116
-10.71383957230224 32.16245923173959 97.24707402256988
-11.659997349862232 31.831660392305537 97.2353096392905
-12.595961928058413 31.473034235308862 97.22354525226942
-13.520915084306624 31.08689427263786 97.21178086120628
-14.434048222235404 30.67357806881894 97.20001646580424
-15.334563078563123 30.23344694591685 97.1882520657703
-16.221672420941598 29.766885667666028 97.17648766081548
-17.094600736156664 29.274302103109196 97.1647232506551
-17.952584908083768 28.756126870037203 97.15295883500903
-18.79487488480599 28.21281295854188 97.14119441360194
-19.620734334311337 27.64483533501091 97.12942998616356
-20.429441288196056 27.05269052691108 97.11766555242885
-21.220288772811127 26.43689618872274 97.1059011121383
-21.992585427300515 25.79799064940488 97.09413666503812
-22.74565610799055 25.136532441786617 97.0823722108805
-23.478842478602182 24.453099814296447 97.07060774942374
-24.191503585770242 23.748290225455957 97.0588432804326
-24.88301641936647 23.02271982158012 97.04707880367836
-25.552776457136556 22.277022898140594 97.03531431893913
-26.200198193175005 21.511851345263075 97.02354982599996
-26.824715649775857 20.727874077843282 97.01178532465312
-27.425782872211844 19.925776450779868 97.00002081469819
-28.00287440600937 19.106259659835466 96.98825629594226
-28.555485756302133 18.270040128649583 96.97649176820019
-29.08313382886184 17.417848882439223 96.9647272312946
-29.58535735242035 16.550430908934835 96.95296268505619
-30.061717281914156 15.668544507110218 96.94119812932381
-30.511797182298796 14.772960624275486 96.92943356394456
-30.935203592597304 13.864462182113163 96.91766898877403
-31.331566369864802 12.94384339224605 96.90590440367635
-31.700539012768456 12.011909061935295 96.89413980852432
-32.04179896449974 11.069473890516031 96.88237520319953
-32.35504789475446 10.117361757185067 96.87061058759247
-32.64001196053384 9.156405000763659 96.85884596160264
-32.89644204553872 8.187443692064816 96.84708132513857
-33.124113977947744 7.21132489950124 96.83531667811798
-33.32282872638881 6.228901948576085 96.82355202046782
-33.49241257393294 5.241033675903535 96.8117873521243
-33.632717269957894 4.248583678411771 96.80002267303301
-33.74362015974936 3.252419558384378 96.78825798314894
-33.825024291725995 2.253412165000112 96.77649328243649
-33.87685850219466 1.2524348330345052 96.76472857086954
-33.899077477561995 0.25036261938835397 96.75296384843143
-33.89166179394765 -0.751928461889273 96.74119911511507
-33.854617934164665 -1.753562205414628 96.72943437092282
-33.78797828205217 -2.753662980450295 96.71766961586657
-33.69180109416542 -3.7513564963837798 96.70590484996771
-33.566170448847686 -4.745770567034476 96.69414007325709
-33.411196172728815 -5.7360358731212395 96.68237528577504
-33.227013744714476 -6.721286722223175 96.67061048757128
-33.013784177550185 -7.7006618055704 96.65884567870492
-32.77169387706354 -8.673304951002232 96.64708085924438
-32.50095447920779 -9.638365871434932 96.63531602926736
-32.20180266504916 -10.595000908185092 96.62355118886072
-31.874499953859626 -11.54237376849787 96.61178633812048
-31.519332474496185 -12.479656256636368 96.60002147715167
-31.13661071526619 -13.406028997892536 96.58825660606824
-30.726669252497796 -14.320682154886331 96.57649172499303
-30.28986645805241 -15.222816135527856 96.5647268340576
-29.826584186035134 -16.11164229202262 96.55296193340209
-29.33722743897699 -16.986383610309428 96.54119702317517
-28.822224013780605 -17.846275389328145 96.5294321035339
-28.28202412773915 -18.690565909523166 96.51766717464353
-27.71710002495527 -19.518517089998525 96.50590223667743
-27.127945563503946 -20.329405133750285 96.49413728981685
-26.51507578370077 -21.122521160411374 96.48237233425088
-25.8790264578522 -21.897171825956832 96.47060737017617
-25.22035362188213 -22.65267992882684 96.45884239779686
-24.539633089243967 -23.388385001937927 96.44707741732428
-23.837459947542886 -24.103643890065143 96.4353124289769
-23.114448038308915 -24.79783131208979 96.42354743298003
-22.371229420375105 -25.470340407621823 96.41178242956572
-21.608453817329956 -26.120583267518793 96.40001741897242
-20.826788049527597 -26.7479914478374 96.38825240144496
-20.026915451151723 -27.35201646676862 96.37648737723413
-19.20953527284301 -27.932130284121996 96.36472234659664
-18.375362070412653 -28.48782576293953 96.35295730979479
-17.52512508017567 -29.018617112836242 96.34119226709625
-16.659567581450787 -29.524040314679283 96.32942721877386
-15.77944624678384 -30.00365352623457 96.31766216510539
-14.885530480462585 -30.457037468426492 96.30589710637328
-13.978601745901711 -30.883795791872632 96.29413204286438
-13.05945288248539 -31.28355542337347 96.28236697486972
-12.128887412465172 -31.65596689205388 96.27060190268426
-11.187718838518911 -32.00070463487139 96.25883682660663
-10.236769932584394 -32.31746728122435 96.24707174693883
-9.276872016590389 -32.605977916410744 96.23530666398604
-8.30886423571273 -32.86598432370774 96.22354157805628
-7.33359282479145 -33.09725920486028 96.2117764894602
-6.351910368550339 -33.29960037878563 96.20001139851077
-5.364675056265046 -33.47283095832072 96.188246305523
-4.372749931531934 -33.616799504857326 96.17648121081368
-3.3770021377932915 -33.731380160729984 96.16471611470115
-2.3783021602781487 -33.81647275924122 96.15295101750493
-1.3775230650221315 -33.87200291222741 96.1411859195455
-0.3755397356307358 -33.8979220750892 96.12942082114404
0.6267718915460332 -33.89420758922921 96.11765572262206
1.6285355931593308 -33.86086270186033 96.10589062430121
2.6288756248583076 -33.79791656316695 96.09412552650296
3.6269174868679332 -33.7054242008218 96.08236042954832
4.6217886884788095 -33.583466471880655 96.07059533375757
5.612619510780952 -33.432149992096825 96.05883023944995
6.59854376697401 -33.25160704271747 96.04706514694342
7.5786995595901505 -33.04199545484293 96.03530005655439
8.552230033966906 -32.80349847145046 96.02353496859737
9.51828412731159 -32.5363245872027 96.01176988338479
10.47601731270273 -32.2407073661811 96.00000480122662
11.424592337377419 -31.916905237703677 95.98823972243022
12.363179954659888 -31.565201270405442 95.97647464730001
13.2909596488911 -31.185902924779015 95.96470957613715
14.207120352725402 -30.77934178439201 95.95294450923937
15.110861156167923 -30.345873266015698 95.94117944690069
16.00139200673186 -29.885876308918895 95.92941438941111
16.87793440010441 -29.399753043598277 95.9176493370564
17.73972206071727 -28.88792844023484 95.90588429011785
18.586001611626532 -28.35084993718398 95.894119248872
19.41603323311695 -27.788987049823614 95.88235421359042
20.22909130945395 -27.202830960102805 95.87058918453948
21.024465063218745 -26.592894087149226 95.8588241619801
21.801459176671937 -25.959709639311004 95.84705914616748
22.55939439960183 -25.303831148024738 95.835294137351
23.29760814312673 -24.62583198391688 95.82352913577387
24.015455058931913 -23.92630485556165 95.81176414167297
24.712307603434635 -23.20586129133375 95.79999915527866
25.387556586384285 -22.46513110480878 95.78823417681457
26.040611703418183 -21.704761844178485 95.7764692064974
26.67090205210694 -20.925418226162673 95.76470424453669
27.277876631038986 -20.127781554912012 95.75293929113472
27.861004821507287 -19.312549126410318 95.74117434648626
28.41977685137752 -18.480433618896722 95.72940941077844
28.953704240732275 -17.632162469840374 95.71764448419057
29.46232022890128 -16.768477240013024 95.705879566894
29.945180182504938 -15.890132965214404 95.69411465905192
30.40186198415375 -14.997897496218382 95.6823497608193
30.831966401464502 -14.092550827515705 95.6705848723427
31.23511743607022 -13.17488441544079 95.6588199937601
31.610962652318857 -12.24570048627883 95.64705512520092
31.959173485373462 -11.305811334957246 95.63529026678574
32.27944552844436 -10.356038614935683 95.62352541862631
32.57149879890233 -9.397212619914425 95.6117605808254
32.835077983040094 -8.430171557989492 95.59999575347675
33.0699526592683 -7.455760818889057 95.58823093666491
33.275917499550566 -6.47483223493167 95.57646613046528
33.45279244890181 -5.488243336352097 95.56470133494393
33.600422882792735 -4.496856601646469 95.55293655015765
33.718679742323005 -3.501538703591383 95.54117177615379
33.80745964704487 -2.5031597515962045 95.52940701297031
33.86668498533858 -1.5025925310514683 95.5176422606357
33.8963039822607 -0.5007117403374901 95.50587751916896
33.89629074480585 0.5016067738390703 95.4941127885796
33.86664528454247 1.5034867821125104 95.48234806886761
33.807393517602726 2.5040524384602127 95.47058336002347
33.718587242026466 3.502429045869196 95.4588186620282
33.600304092479355 4.497743820998657 95.44705397485325
33.452647472384406 5.489126657169273 95.4352892984607
33.27574646352645 6.475710885012583 95.42352463280316
33.06975571320851 7.456634030115626 95.41175997782386
32.83485529905874 8.431038566998149 95.3999953334567
32.57125057160614 9.398072668763744 95.38823069962629
32.27917197476253 10.356890951768827 95.37646607624805
31.958874844368026 11.30665521465921 95.36470146322824
31.610639184975675 12.246535171127887 95.35293686046408
31.2347694250709 13.175709175753319 95.34117226784385
30.831594150939207 14.09336494228411 95.32940768524688
30.40146581941533 14.998700253741568 95.31764311254382
29.944760449764562 15.890923663719697 95.30587854959664
29.461877294965788 16.76925518826981 95.29411399625879
28.953238492683465 17.63292698776435 95.2823494523753
28.419288696233878 18.481184038144317 95.27058491778294
27.860494685867977 19.313284790963216 95.25882039231038
27.277344960711094 20.12850182165038 95.2470558757783
26.670349311715658 20.92612246542755 95.23529136799957
26.04003837600064 21.705449440322134 95.22352686877937
25.386963172967366 22.465801456732876 95.21176237791548
24.71169462259685 23.20651381301495 95.19999789519831
24.014823046350084 23.92693897656389 95.18823342041115
23.296957651107736 24.62644714989 95.17646895333039
22.55872599659978 25.3044268211891 95.16470449372567
21.8007734467913 25.960285298927566 95.15294004136005
21.02376260570354 26.59344922997493 95.14117559599036
20.228372738163955 27.20336510083043 95.12941115736723
19.41529917599118 27.78949972150598 95.1176467252354
18.58525271013415 28.35134069164222 95.10588229933398
17.73895896929691 28.88839684845016 95.09411787939659
16.87715778559203 29.400198696087035 95.08235346515167
16.00060254777779 29.88629881609056 95.07058905632265
15.110059542643542 30.346272258513437 95.05882465262826
14.206307285120095 30.779716913415605 95.04706025378269
13.290135837699884 31.186253862389734 95.03529585949596
12.362346119762433 31.5655277098127 95.02353146947405
11.423749207408466 31.917206893533336 95.01176708341924
10.475165624415236 32.24098397472487 95.00000270103034
9.517424624932701 32.536575906648714 94.98823832200293
8.551363468547278 32.803724282094635 94.97647394602967
7.577826688347504 33.04219555928101 94.96470957280056
6.5976653526310285 33.25178126601765 94.95294520200319
5.6117363208985 33.43229818195269 94.94118083332302
4.620901494785078 33.583588498744234 94.92941646644366
3.626027064583643 33.70551995801692 94.91765210104715
2.627982752019162 33.7979859669824 94.90588773681425
1.6276410499357037 33.860905691623145 94.89412337342468
0.6258764595609426 33.894224127357624 94.88235901055741
-0.3764352739847756 33.89791214712554 94.87059464789098
-1.3784179272672286 33.871966526850734 94.85883028510376
-2.3791955645349883 33.8164099482597 94.8470659218742
-3.3778933034645964 33.73129097905315 94.83530155788115
-4.373638079985103 33.61668403044802 94.82353719280414
-5.365559411512602 33.47268929212698 94.81177282632362
-6.352790157928472 33.29943264465236 94.80000845812128
-7.334467279635334 33.0970655494211 94.78824408788032
-8.30973259202853 32.86576491625674 94.77647971528572
-9.277733515723162 32.60573294875445 94.76471534002451
-10.237623821881378 32.317196967514114 94.75295096178607
-11.188564371987399 32.00040921141612 94.74118658026235
-12.129723851424751 31.655646617113504 94.7294221951482
-13.060279496213477 31.283210576933175 94.71765780614162
-13.979417812272706 30.883426675398013 94.70589341294396
-14.886335286578824 30.456644404600123 94.69412901526029
-15.780239089599043 30.003236858673823 94.68236461279957
-16.66034776838456 29.523600407635975 94.67060020527495
-17.52589192971894 29.01815435087823 94.65883579240399
-18.37611491272346 28.487340550614494 94.64707137390896
-19.210273450332185 27.93162304560374 94.63530694951699
-20.027638319057587 27.351487645486355 94.62354251896042
-20.827494976479766 26.747441506087995 94.61177808197695
-21.609144185901155 26.12001268606273 94.6000136383099
-22.371902627620987 25.469749685262872 94.58824918770844
-23.115103496295205 24.79722096523891 94.57648472992781
-23.838097083859306 24.103014452289067 94.56472026472952
-24.540251347504622 23.38773702349274 94.55295579188152
-25.220952462211947 22.652013976176903 94.54119131115853
-25.879605357358773 21.896488481279704 94.52942682234209
-26.515634236931632 21.121821021088667 94.51766232522085
-27.128483082888398 20.328688811845524 94.5058978195907
-27.717616141230522 19.517785211722124 94.49413330525498
-28.282518390360675 18.689819114684912 94.48236878202462
-28.82269599131587 17.84551433077801 94.47060424971838
-29.337676719482737 16.9856089533667 94.45883970816287
-29.827010377417427 16.110854713894383 94.44707515719287
-30.290269188409464 15.222016324716865 94.43531059665132
-30.72704817044507 14.319870810589196 94.42354602638959
-31.13696549024354 13.405206829388465 94.4117814462675
-31.519662797056835 12.47882398266722 94.4000168561535
-31.874805535940762 11.541532116639601 94.3882522559248
-32.2020832402237 10.594150614211857 94.37648764546742
-32.501209802917316 9.637507678675862 94.36472302467634
-32.77192372683204 8.672439609691551 94.35295839345558
-33.0139883531786 7.699790072191763 94.34119375171825
-33.2271920684557 6.720409358848002 94.32942909938667
-33.41134848944309 5.735153646742799 94.31766443639245
-33.566296626138175 4.744884248897319 94.30589976267648
-33.69190102249402 3.7504668613094023 94.29413507818902
-33.78805187483522 2.752770806160023 94.28237038288977
-33.854665127848655 1.7526682718493947 94.27060567674789
-33.89168254806479 0.7510335505281085 94.258840959742
-33.89907177476558 -0.25125772621174725 94.2470762318602
-33.876826348274214 -1.2533293528155063 94.23531149310016
-33.82496571560227 -2.2543053157472634 94.22354674346897
-33.743535213449 -3.253310559302992 94.21178198298331
-33.632606028567956 -4.249471750586617 94.2000172116693
-33.492275135535266 -5.241918042979716 94.18825242956252
-33.3226652119743 -6.2297818374376925 94.17648763670803
-33.123924531310536 -7.2121995409472355 94.16472283316024
-32.89622683315056 -8.18831232148143 94.15295801898293
-32.639771171398486 -9.157266858792829 94.14119319424917
-32.35478174024247 -10.118216090388382 94.12942835904126
-32.041507678163704 -11.070319952033254 94.11766351345064
-31.700222850138825 -12.01274611213732 94.10589865757785
-31.331225608226514 -12.944670699381426 94.09413379153241
-30.93483853074731 -13.865279022947988 94.08236891543274
-30.51140814028498 -14.773766284725362 94.07060402940603
-30.06130460075539 -15.669338282864823 94.05883913358815
-29.584921393808482 -16.55121210607343 94.04707422812356
-29.082674974845506 -17.41861681803727 94.03530931316513
-28.55500440895275 -18.270794131375812 94.02354438887401
-28.002370987069565 -19.10699907053886 94.01177945541956
-27.425257822726888 -19.926500623065714 94.00001451297909
-26.824169429708032 -20.72858237863835 93.98824956173782
-26.199631281001526 -21.51254315536903 93.97648460188863
-25.552189349431316 -22.27769761277526 93.96471963363194
-24.88240963036582 -23.023376850906306 93.95295465717551
-24.1908776469236 -23.74892899509694 93.94118967273427
-23.47819793810724 -24.453719765838276 93.92942468053015
-22.744993530314325 -25.137133033266014 93.91765968079183
-21.991905392685645 -25.79857135578326 93.90589467375462
-21.21959187676864 -26.437456502345185 93.89412965966017
-20.428728140984937 -27.053229957949956 93.88236463875631
-19.62000556040481 -27.645353411894313 93.87059961129684
-18.794131122345867 -28.21330922836564 93.85883457754129
-17.951826808322327 -28.756600898961032 93.84706953775466
-17.093828962887503 -29.274753476735807 93.83530449220727
-16.220887649919312 -29.767313991403423 93.82353944117445
-15.333765996912378 -30.233851845323404 93.81177438493631
-14.43323952785061 -30.673959189930518 93.80000932377754
-13.520095485241496 -31.08725128227744 93.78824425798713
-12.595132141907108 -31.473366821377727 93.7764791878581
-11.659158103132096 -31.831968264056094 93.76471411368726
-10.712991599778475 -32.162742120029634 93.75294903577499
-9.75745977298682 -32.465399225961555 93.74118395442491
-8.793397951086675 -32.739674998248816 93.72941886994363
-7.821648919350797 -32.98532966432156 93.71765378264055
-6.843062183230239 -33.20214847225294 93.70588869282749
-5.858493225714365 -33.38994187849582 93.69412360081847
-4.868802759465525 -33.548545713582214 93.68235850692945
-3.8748559743818793 -33.67782132564065 93.67059341147802
-2.877521781246222 -33.77765570160599 93.65882831478316
-1.8776720521220414 -33.84796156601566 93.6470632171649
-0.8761808581605339 -33.88867745730626 93.63529811894408
0.1260762945141756 -33.89976778154319 93.6235330204421
1.1282232301752297 -33.881222843537124 93.61176792198056
2.12938386944734 -33.83305885531951 93.60000282388108
3.1286829951783632 -33.75531792196996 93.58823772646494
4.125247017555914 -33.648068004807904 93.57647263005278
5.118204737801656 -33.511402861980635 93.56470753496443
6.106688109775946 -33.34544196649967 93.55294244151851
7.0898329988252335 -33.15033040179721 93.54117735003223
8.06677993721158 -32.926238734893744 93.5294122608211
9.036674875460871 -32.67336286728801 93.51764717419861
9.99866992897524 -32.39192386369941 93.505882090476
10.951924119256157 -32.08216775881256 93.494117009962
11.895604109089303 -31.744365342193372 93.48235193296247
12.828884931050828 -31.378811921563912 93.47058685978025
13.750950708695502 -30.985827064643722 93.45882179071486
14.660995369797893 -30.565754319783007 93.44705672606216
15.558223351023146 -30.118960915631632 93.43529166611421
16.441850293409807 -29.645837440107158 93.4235266111589
17.311103728059095 -29.14679749894161 93.41176156147982
18.165223751428805 -28.62227735410647 93.39999651735589
19.003463689642793 -28.072735542431406 93.38823147906122
19.82509075123536 -27.498652474750124 93.37646644686478
20.629386667759334 -26.900530015924048 93.36470142103025
21.415648321698082 -26.278891046110825 93.35293640181573
22.183188361132835 -25.63427900366105 93.3411713894735
22.931335800627092 -24.967257410043324 93.32940638424992
23.659436607804224 -24.278409377212032 93.31764138638502
24.36685427510369 -23.568337097849902 93.30587639611248
25.052970376218084 -22.837661318929104 93.29411141365931
25.717185106722734 -22.08702079905292 93.28234643924567
26.35891780842594 -21.317071750051703 93.2705814730847
26.97760747698255 -20.528487263320024 93.25881651538238
27.572713252324522 -19.721956721399476 93.24705156633719
28.1437148914829 -18.898185195317822 93.23528662614014
28.690113223384913 -18.0578928282149 93.22352169497445
29.21143058523109 -17.201814205790992 93.21175677301547
29.707211240068933 -16.33069771413066 93.19999186043047
30.17702177519944 -15.445304885461587 93.18822695737856
30.620451481067647 -14.54640973242094 93.17646206401052
31.037112710305724 -13.634798071412197 93.16469718046862
31.426641216615547 -12.711266835641748 93.15293230688658
31.788696473193603 -11.77662337843827 93.1411674433894
32.1229619704203 -10.831684767462525 93.12940259009326
32.42914549255366 -9.877277070424315 93.11763774710543
32.706979373184815 -8.914234632932683 93.10587291452417
32.956220729232925 -7.943399349108153 93.09410809243863
33.17665167327397 -6.965619925597163 93.08234328092878
33.368079504018596 -5.981751139630642 93.0705784800654
33.53033687477196 -4.992653091775438 93.05881368990985
33.66328193972877 -3.999190454032285 93.04704891051426
33.76679847797513 -3.0022317139374404 93.03528414192128
33.84079599508924 -2.0026484153284443 93.0235193841641
33.88520980225175 -1.0013143964387319 93.01175463726649
33.900001072797004 0.0008949740144918055 92.9999899012427
33.8851568761553 1.003103562079061 92.98822517609747
33.8406901891569 2.0044352344871377 92.97646046182605
33.76663988468763 3.0040146245726955 92.96469575841415
33.66307069770609 4.000967897519141 92.95293106583803
33.530073168652216 4.994423514268388 92.94116638406443
33.367763564296574 5.9835129934217735 92.9294017130507
33.176283776099694 6.967371670469519 92.91763705274471
32.95580119617015 7.945139453681962 92.90587240308506
32.706508570930005 8.915961576004147 92.89410776400098
32.42862383261534 9.878989342295577 92.88234313541247
32.12238990875945 10.833380871260978 92.87057851723036
31.788074509824867 11.778301831425882 92.85881390935636
31.425969895170276 12.712926170510636 92.84704931168321
31.03639261755667 13.636436837567592 92.8352847240947
30.619683246415907 14.54802649724957 92.82352014646582
30.176206070124564 15.446898235583243 92.81175557866285
29.706348777541436 16.332266256634885 92.79999102054349
29.210522119089546 17.20335656945392 92.78822647195692
28.68915954767683 18.059407664698288 92.77646193274406
28.142716839770422 18.899671180347955 92.76469740273758
27.571671696956088 19.723412555924313 92.75293288176216
26.976523328329804 20.5299116746455 92.74116836963454
26.357792014088325 21.318463492953768 92.72940386616371
25.7160186506988 22.088378656866475 92.71763937115115
25.051764278045358 22.838984104611477 92.7058748843909
24.365609588967544 23.569623655018432 92.69411040566979
23.658154421616 24.2796585811553 92.68234593476765
22.930017235073407 24.968468168704014 92.67058147145745
22.181834568695592 25.635450258590897 92.65881701550553
21.414260485646935 26.280021773395944 92.6470525666718
20.62796600111766 26.90161922707968 92.63528812470993
19.823638495719404 27.499699217585185 92.62352368936762
19.001981114576342 28.073738901880674 92.61175926038673
18.1637121526336 28.62323645303056 92.59999483750363
17.309564426721785 29.147711498893894 92.58823042044928
16.440284634927256 29.646705542066545 92.5764660089496
15.556632703826073 30.119782360701237 92.56470160272562
14.659381124154807 30.566528389853428 92.5529372014938
13.74931427549708 30.986553083020954 92.5411728049662
12.827227740576447 31.37948925356094 92.52940841285077
11.893927609757188 31.744993395684798 92.51764402485162
10.950229776356432 32.08274598475251 92.50587964066925
9.996959223389942 32.392451756601204 92.49411526000084
9.034949302368224 32.67383996566642 92.48235088254046
8.065041004779749 32.926664621668145 92.4705865079794
7.088082226893598 33.150704704656306 92.45882213600643
6.1049270285262285 33.345764358226994 92.44705776630805
5.11643488642087 33.5116730607405 92.43529339856875
4.123469942889979 33.64828577439188 92.42352903247131
3.126900250380498 33.75548307200333 92.4117646676971
2.1275970126200594 33.8331712414277 92.40000030392632
1.1264338230079414 33.88128236747192 92.38823594083829
0.12428590091885268 33.899774391268615 92.37647157811173
-0.8779706734177325 33.88863114704407 92.36470721542507
-1.8794597247877913 33.84786237625042 92.35294285245665
-2.8793057489478087 33.77750371904961 92.34117848888512
-3.876634677993268 33.677616683156685 92.32941412438961
-4.870574644469691 33.54828859006965 92.31764975865009
-5.860256743563041 33.38963249873266 92.30588539134759
-6.844815792697175 33.20178710669976 92.29412102216453
-7.823391087879165 32.984916628885045 92.28235665078495
-8.795127156129075 32.73921065400556 92.27059227689485
-9.759174503335938 32.46488397884247 92.25882790018235
-10.71469035688847 32.16217642046503 92.24706352033814
-11.660839402428358 31.831352606581998 92.23529913705556
-12.596794514084358 31.47270174420345 92.223534750031
-13.521737477548307 31.086537366815044 92.21177035896412
-14.434859705358907 30.67319706028678 92.20000596355808
-15.33536294377246 30.23304216775391 92.18824156351988
-16.222459970597107 29.766457473730405 92.17647715856053
-17.095375283384964 29.2738508677291 92.16471274839537
-17.95334577737823 28.75565298768374 92.15294833274429
-18.79562141261724 28.21231684348421 92.14118391133194
-19.62146586962745 27.64431742095404 92.12941948388804
-20.430157193111505 27.0521512666168 92.1176550501476
-21.220988423084552 26.436336053613736 92.10589060985109
-21.993268212900414 25.79741012915267 92.09412616274471
-22.746321433628445 25.135932043883557 92.08236170858068
-23.479489764253415 24.452480063611723 92.0705972471173
-24.19213226718041 23.747651663777344 92.05883277811934
-24.8836259485453 23.022063007139753 92.04706830135807
-25.553366302836615 22.276348405127315 92.0353038166116
-26.200767841356132 21.511159763320467 92.02353932366503
-26.825264604054844 20.727166011553827 92.01177482231058
-27.426310654295836 19.925052519137093 92.00001031234788
-28.003380556114532 19.105520495702137 91.98824579358403
-28.555969833555288 18.26928637820483 91.97648126583384
-29.083595411685913 17.41708120461364 91.96471672892
-29.58579603890303 16.54964997483422 91.95295218267319
-30.062132690159096 15.667750999429197 91.94118762693225
-30.512188950759594 14.772155236700437 91.92942306154433
-30.93557138039348 13.863645618715939 91.917658486365
-31.331909857079822 12.94301636686851 91.9058939012584
-31.700857900729527 12.011072297564901 91.89412930609733
-32.04209297603863 11.06862811865452 91.8823647007634
-32.355316774450095 10.116507717208215 91.87060008514713
-32.640255474935415 9.155543439275359 91.85883545914798
-32.89665998336986 8.186575362244334 91.84707082267452
-33.124306150291154 7.210450560444589 91.83530617564449
-33.322994966851454 6.228022364632766 91.8235415179848
-33.49255273879148 5.240149616007999 91.81177684963171
-33.632831238284396 4.247695915411418 91.80001217053082
-33.74370783351692 3.2515288683639434 91.78824748063708
-33.8250855958945 2.2525193266028274 91.77648277991496
-33.87689338477636 1.2515406267821831 91.7647180683383
-33.89908590966699 0.24946782699821354 91.75295334589049
-33.89164376980905 -0.7528230581874592 91.74118861256441
-33.85457347114372 -1.7544558235625267 91.72942386836246
-33.78790742062311 -2.7545548392446735 91.71765911329652
-33.69170389787999 -3.7522458161593026 91.70589434738798
-33.56604700427961 -4.746656570345843 91.69412957066773
-33.41104658939818 -5.736917785421844 91.68236478317608
-33.226838154991896 -6.722163772543217 91.67059998496278
-33.01358273654115 -7.701533227190283 91.65883517608692
-32.77146676247283 -8.674169982122894 91.64707035661696
-32.50070189118402 -9.639223755844155 91.63530552663059
-32.20152482600997 -10.59585089591795 91.6235406862147
-31.874197108297096 -11.543215116493068 91.61177583546527
-31.51900488876316 -12.480488229385411 91.60001097448738
-31.136258677343463 -13.406850868082714 91.58824610339498
-30.72629307174231 -14.321493204036683 91.5764812223109
-30.289466464926836 -15.223615654617163 91.56471633136672
-29.82616073181899 -16.112429582109264 91.5529514307026
-29.33678089545951 -16.987157983142467 91.54118652046722
-28.821754772935844 -17.847036167948783 91.52942160081761
-28.281532601383017 -18.69131242885702 91.51765667191907
-27.71658664438596 -19.519248697436357 91.50589173394494
-27.127410779124517 -20.33012118971908 91.49412678707651
-26.51452006462557 -21.12322103893322 91.48236183150284
-25.878450291496826 -21.897854915196078 91.47059686742064
-25.219757513537026 -22.653345631625324 91.458831895034
-24.539017561633198 -23.389032736336436 91.44706691455428
-23.836825540366682 -24.1042730898127 91.43530192619997
-23.113795307772158 -24.798441427138393 91.42353693019639
-22.37055893870093 -25.470930904607382 91.41177192677554
-21.607766172259673 -26.12115363022734 91.40000691617597
-20.826083843806867 -26.748541177656342 91.38824189864242
-20.026195302003355 -27.352545083122862 91.37647687442573
-19.20879981142774 -27.93263732489377 91.36471184378263
-18.374611941277177 -28.488310784872535 91.35294680697538
-17.52436094068928 -29.019079691923086 91.3411817642717
-16.65879010123078 -29.524480046532084 91.32941671594442
-15.778656107109656 -30.004070026438765 91.3176516622713
-14.88472837368107 -30.45743037287644 91.3058866035348
-13.977788374821003 -30.88416475709034 91.29412154002176
-13.058628959761045 -31.283900126808618 91.28235647202324
-12.128053659977045 -31.656287032365835 91.27059139983416
-11.186875986739981 -32.00099993219271 91.25882632375318
-10.23591871994237 -32.317737477405366 91.24706124408233
-9.276013188822013 -32.606222775245264 91.23529616112674
-8.30799854521188 -32.86620363113957 91.22353107519447
-7.3327210299516 -33.09745276917026 91.21176598659615
-6.351033233100975 -33.299768030759424 91.20000089564475
-5.36379334860493 -33.4729725513965 91.1882358026553
-4.371864424056543 -33.616914915254085 91.17647070794459
-3.376113606219969 -33.73146928755567 91.16470561183094
-2.377411382968091 -33.81653552458092 91.1529405146339
-1.3766308222993437 -33.87203926121154 91.14117541667395
-0.3746468091008023 -33.89793197594135 91.12941031827222
0.6276647196800738 -33.89419103329404 91.11764521975027
1.629427540780397 -33.8608197036111 91.10588012142975
2.6297659106189153 -33.79784716019282 91.09411502363211
3.6278053308737297 -33.705328453795026 91.08234992667838
4.622673312969612 -33.58334446450354 91.07058483088879
5.613500140811386 -33.43200183102852 91.05881973658265
6.599419631090604 -33.25143285748074 91.04705464407787
7.579569890505662 -33.04179539771099 91.03528955369087
8.553094069231557 -32.803272717313696 91.02352446573616
9.519141109978863 -32.536073333415985 91.01175938052616
10.476866491991794 -32.24043083239112 90.99999429837086
11.4254329693291 -31.916603665656964 90.9882292195776
12.364011302787134 -31.564874923737023 90.97646414445079
13.291780984822749 -31.185552088781986 90.96469907329161
14.207930956843057 -30.77896676576805 90.95293400639778
15.111660318234888 -30.345474392607045 90.94116894406329
16.00217902651411 -29.8854539294217 90.92940388657817
16.878708587982757 -29.399307527257754 90.91763883422817
17.74048273829021 -28.887460176522502 90.90587378729458
18.58674811230327 -28.350359335457163 90.89410874605393
19.416764902700372 -27.788474538967474 90.8823437107778
20.229807506711925 -27.20229698815577 90.87057868173254
21.025165160445454 -26.592339120910832 90.85881365917906
21.80214256023608 -25.959134163934152 90.84704864337259
22.560060470483172 -25.303235666591522 90.83528363456246
23.29825631744013 -24.625217016998487 90.82351863299189
24.016084768437064 -23.925670940763872 90.81175363889777
24.712918296033465 -23.205208982826438 90.79998865251045
25.38814772660329 -22.464460972841643 90.78822367405354
26.04118277287649 -21.704074474582693 90.77645870374373
26.671452549969864 -20.92471421983824 90.76469374179057
27.278406074455237 -20.127061527303233 90.75292878839633
27.861512746031647 -19.31181370696707 90.74116384375577
28.420262811376592 -18.479683450524504 90.72939890805601
28.954167809774027 -17.631398208338386 90.71763398147637
29.46276100012813 -16.76769955350034 90.70586906418816
29.945597768988907 -15.889342533546792 90.6941041563546
30.40225601923523 -14.997095010393084 90.68233925813063
30.832336539072532 -14.09173698906782 90.67057436966279
31.235463351025057 -13.174059935829966 90.65880949108909
31.61128404061628 -12.244866086267153 90.6470446225389
31.959470064450496 -11.304967743979342 90.63527976413283
32.27971703742631 -10.35518657046093 90.62351491598261
32.57174499883083 -9.396352866802243 90.611750078191
32.83529865708206 -8.429304847838216 90.5999852508517
33.070147612905416 -7.454887909378877 90.5882204340493
33.27608656074934 -6.473953889162338 90.57645562785918
33.452935468264016 -5.487360322175605 90.5646908323474
33.60053973368599 -4.495969690996058 90.55292604757072
33.718770320991446 -3.500648671806545 90.5411612735765
33.80752387269988 -2.502267376744994 90.52939651040269
33.86672280022941 -1.501698593250315 90.51763175807778
33.896315351724986 -0.49981702106882664 90.50586701662074
33.89627565729986 0.5025014924091384 90.4941022860411
33.86660375165124 1.50438071781891 90.48233756633881
33.807325574029875 2.5049448098220704 90.47057285750438
33.718492945563945 3.5033190727731336 90.45880815951877
33.600183523956844 4.498630725381157 90.44704347235347
33.452500735598726 5.490009663696025 90.43527879597052
33.27557368515074 6.476589221757179 90.42351413032254
33.06955704268154 7.457506929233877 90.41174947535275
32.83463090845431 8.431905265399388 90.39998483099502
32.57100065548251 9.398932408778258 90.38822019717398
32.278896749992555 10.357742981809473 90.37645557380503
31.958574549949343 11.307498789879297 90.36469096079443
31.61031408182192 12.247369554071835 90.35292635803938
31.234419795783527 13.17653363700152 90.34116176542814
30.831220299560513 14.094178761090461 90.32939718284007
30.401068071162626 14.999502718663567 90.31763261014578
29.944339150745883 15.891714073240495 90.30586804720726
29.461432811877263 16.77003285141141 90.29410349387791
28.95277121248888 17.633691224691606 90.28233895000278
28.418799025826083 18.481934180759616 90.27057441541865
27.859983051713737 19.314020183489742 90.25880988995415
27.276811808477696 20.129221821206244 90.24704537342997
26.669795105881608 20.92682644258732 90.23528086565895
26.039463599449565 21.70613677966721 90.22351636644632
25.38636832656584 22.466471557389497 90.2117518755898
24.71108022475664 23.20716608917937 90.1999873928798
24.014189632574777 23.92757285801469 90.18822291809963
23.296305773524747 24.627062082486425 90.17645845102564
22.55805622347761 25.305022267355525 90.16469399142748
21.80008636204274 25.960860738123493 90.15292953906824
21.023058808375403 26.594004159149872 90.14116509370467
20.227652841912967 27.203899034864033 90.12940065508744
19.41456380854813 27.79001219363163 90.1176362229613
18.584502512754504 28.35183125385557 90.10587179706532
17.73819459620054 28.888865071900522 90.09410737713314
16.87637990339146 29.400644171452193 90.08234296289318
15.999811834894853 29.886721153934957 90.07057855406886
15.109256688717153 30.346671089628156 90.05881415037892
14.205492990402558 30.78009188914152 90.04704975153757
13.289310812445176 31.18660465492214 90.03528535725478
12.361511083605143 31.56585401248789 90.02352096723654
11.42290488873479 31.91750842109669 90.01175658118514
10.474312759726224 32.241260463580225 89.99999219879936
9.516563958200301 32.53682711508881 89.98822781977482
8.550495750563998 32.80394999051243 89.97646344380415
7.576952676070163 33.042395570361606 89.96469907057735
6.596785808518584 33.25195540491091 89.952934699782
5.610852012246291 33.432446296425915 89.94117033110358
4.620013193053557 33.583710459315384 89.9294059642257
3.6251355447237903 33.70561565806776 89.91764159883037
2.6270887917953396 33.79805532285172 89.90587723459836
1.6267454292457668 33.860948642679844 89.89411287120939
0.6249799597541783 33.894240636053794 89.88234850834245
-0.37733187079049246 33.89790219902924 89.87058414567606
-1.3793138388693473 33.87193013065861 89.85881978288859
-2.380090009329484 33.81634713578941 89.84705541965849
-3.378785501130512 33.73120180521549 89.83529105566463
-4.3745272521653575 33.61656857319898 89.82352669058649
-5.366444782495027 33.47254765239961 89.81176232410458
-6.353670955324133 33.29926494626845 89.79999795590057
-7.3353427350534455 33.096871938983 89.78823358565764
-8.310601941748153 32.8655455630192 89.77646921306079
-9.278596001361278 32.60548804447659 89.76470483779707
-10.238478691055324 32.31692672629188 89.75294045955583
-11.18941087897302 32.00011386949503 89.74117607802904
-12.130561257807793 31.65532643268228 89.72941169291155
-13.061107071535849 31.282865829897805 89.71764730390136
-13.980234834670439 30.883057667137237 89.70588291069983
-14.887141043413454 30.45625145770186 89.69411851301203
-15.781032878080369 30.002820316653263 89.68235411054691
-16.66112889618521 29.523160634635204 89.67058970301764
-17.52665971557954 29.01769173134791 89.65882529014179
-18.376868687048137 28.486855488977817 89.64706087164161
-19.211012555774186 27.931115965902706 89.63529644724426
-20.028362111093497 27.350958991011378 89.62353201668206
-20.828202823973175 26.74689173899023 89.61176757969274
-21.60983547165462 26.119442286949873 89.60000313601962
-22.372576748915307 25.469159152779223 89.58823868541187
-23.115759865416287 24.79661081562954 89.57647422762471
-23.83873512861215 24.102385218948253 89.56470976241968
-24.54087051171343 23.387089256497855 89.55294528956476
-25.2215522062064 22.651348241807394 89.54118080883464
-25.88018515844546 21.89580536152245 89.52941632001088
-26.51619358985175 21.121121113128407 89.51765182288213
-27.129021500258595 20.327972727543685 89.5058873172443
-27.71813315396943 19.517053577081516 89.49412280290072
-28.283013548099035 18.689072569302272 89.48235827966235
-28.82316886279006 17.844753527285192 89.47059374734792
-29.338126892911767 16.98483455686013 89.45882920578408
-29.827437460863166 16.110067401353284 89.4470646548056
-30.290672810118963 15.221216784411888 89.43530009425544
-30.72742797917578 14.319059741480382 89.42353552398497
-31.137321155570124 13.404384940514687 89.41177094385401
-31.51999400966036 12.477991992525629 89.40000635373104
-31.87511200787884 11.54069075255807 89.38824175349325
-32.20236470518228 10.59330061171304 89.3764771430267
-32.50146601644352 9.636649780834082 89.36471252222636
-32.7721544665479 8.671574566483256 89.35294789099623
-33.01419341897538 7.698918639839845 89.34118324924948
-33.227371282668855 6.71953229916099 89.32941859690843
-33.411501697007644 5.734271726448242 89.31765393390465
-33.56642369472419 4.74399823897227 89.30588926017907
-33.69200184262231 3.74957753630609 89.29412457568198
-33.788126359973106 2.7518789435284203 89.28235988037308
-33.85471321448555 1.751774651258117 89.2705951742215
-33.89170419576775 0.7501389531825845 89.2588304572059
-33.89906696621463 -0.2521525182523289 89.2470657293144
-33.876795089277536 -1.2542235573216933 89.23530099054464
-33.824908035091035 -2.2551981510033485 89.22353624090377
-33.7434511634522 -3.254201244789848 89.21177148040842
-33.63249568416679 -4.250359507665111 89.20000670908475
-33.49213859479761 -5.242802095570198 89.18824192696836
-33.32250259586895 -6.230661412699048 89.17647713410429
-33.12373598360138 -7.213073869952677 89.16471233054699
-32.89601252027099 -8.189180639890344 89.15294751636021
-32.639531282305896 -9.158128407519019 89.14118269161706
-32.35451648625302 -10.119070116263842 89.12941785639984
-32.04121729276759 -11.071165708466417 89.1176530108
-31.699907588796158 -12.013582859765897 89.10588815491809
-31.330885748144137 -12.945497706718369 89.09412328886361
-30.934474370636245 -13.866095567021459 89.08235841275503
-30.511020000099393 -14.774571651710533 89.0705935267195
-30.060892821412946 -15.670131768707792 89.05882863089296
-29.58448633689223 -16.55199301710688 89.04706372541983
-29.082217022287814 -17.419384471586813 89.03529881045299
-28.554523962701428 -18.27154785635673 89.02353388615361
-28.001868468736422 -19.10773820804293 89.01176895269106
-27.424733673219222 -19.92722452693708 89.00000401024265
-27.424733673219222 -19.92722452693708 89.00000401024265
-26.81926753276776 -20.734926578996177 89.00000378798862
-26.190021515309038 -21.52424356325915 89.00000355700548
-25.53755355533333 -22.29447561487658 89.00000331749807
-24.86244217756475 -23.044939791064262 89.00000306967871
-24.165285984000022 -23.774970676649076 89.00000281376717
-23.446703123144804 -24.48392097407392 89.00000254999034
-22.707330741919552 -25.171162077337495 89.00000227858212
-21.94782442071918 -25.836084629361654 89.00000199978314
-21.168857592128756 -26.47809906229085 89.00000171384062
-20.371120943809963 -27.096636120245126 89.00000142100808
-19.55532180608815 -27.69114736406307 89.00000112154517
-18.722183524782633 -28.261105657587176 89.00000081571743
-17.87244481983665 -28.80600563506042 89.00000050379602
-17.006859130315544 -29.325364149219606 89.0000001860575
-16.12619394635342 -29.818720699688505 88.99999986278364
-15.23123012864218 -30.28563784129002 88.99999953426102
-14.322761216064205 -30.72570157191661 88.99999920078098
-13.401592722084162 -31.138521699614063 88.99999886263917
-12.468541420523225 -31.523732188553595 88.99999852013543
-11.524434621348993 -31.88099148358534 88.99999817357346
-10.570109437123381 -32.209982813085595 88.99999782326053
-9.606412040758897 -32.510414469829115 88.99999746950725
-8.634196915240796 -32.782020069637746 88.9999971126273
-7.654326095982098 -33.024558787575465 88.99999675293708
-6.667668406480916 -33.237815571481086 88.99999639075557
-5.675098687959568 -33.4216013326489 88.99999602640385
-4.677497023667825 -33.57575311348818 88.99999566020503
-3.6757479585381994 -33.70013423201306 88.99999529248377
-2.6707397148852 -33.79463440303455 88.99999492356613
-1.663363404843939 -33.85916983594724 88.99999455377925
-0.6545122402464301 -33.89368330902408 88.99999418345095
0.35491925936373675 -33.8981442201532 88.99999381290964
1.3640360598768353 -33.872548613972 88.99999344248384
2.3719434062174876 -33.81691918537419 88.99999307250201
3.3777476156989445 -33.7313052593869 88.9999927032922
4.380556870425903 -33.6157827474356 88.99999233518176
5.379482008043992 -33.470454080035594 88.99999196849711
6.373637310134656 -33.2954481159698 88.99999160356337
7.362141287556416 -33.090920028033345 88.9999912407041
8.344117462036017 -32.85705116544631 88.99999088024107
9.31869514331717 -32.594048893056446 88.99999052249387
10.285010201176064 -32.302146407474794 88.9999901677797
11.242205831621458 -31.98160253030688 88.99998981641309
12.189433316598192 -31.632701478662945 88.99998946870556
13.125852776521295 -31.255752613150765 88.99998912496545
14.050633914973233 -30.851090163574412 88.99998878549752
14.962956754904067 -30.419072932582246 88.99998845060277
15.862012365681696 -29.96008397752683 88.99998812057815
16.747003580347474 -29.47453027081895 88.99998779571628
17.617145702441814 -28.9628423390766 88.9999874763052
18.471667201771538 -28.42547388138961 88.99998716262812
19.309810398504087 -27.862901367037406 88.99998685496317
20.13083213498052 -27.27562361301735 88.99998655358316
20.934004434652202 -26.664161341757925 88.99998625875531
21.718615147556832 -26.029056719409045 88.99998597074102
22.483968581761513 -25.370872875118764 88.9999856897957
23.229386120212926 -24.690193401722752 88.99998541616841
23.954206822447627 -23.98762183828925 88.9999851501018
24.65778801062944 -23.26378113497787 88.99998489183177
25.33950583939304 -22.519313100687953 88.99998464158733
25.998755848990196 -21.75487783398461 88.99998439959036
26.634953501246876 -20.97115313780824 88.99998416605543
27.247534697856594 -20.16883391848599 88.9999839411896
27.835956280550256 -19.34863156957814 88.99998372519227
28.399696512699123 -18.511273341105756 88.99998351825495
28.938255541923787 -17.657501694718817 88.99998332056113
29.45115584329894 -16.788073645376777 88.99998313228609
29.93794264276137 -15.90376009012457 88.99998295359677
30.398184320344757 -15.00534512456082 88.99998278465162
30.831472792885034 -14.09362534760224 88.99998262560042
31.237423875856027 -13.169409155162198 88.99998247658422
31.615677624014925 -12.23351602336913 88.99998233773513
31.965898650555435 -11.286775781960426 88.99998220917628
32.28777642448569 -10.330027878496093 88.99998209102164
32.581025545967236 -9.364120634044657 88.99998198337597
32.84538599937098 -8.389910491000629 88.99998188633475
33.08062338382552 -7.408261253702144 88.999981799984
33.28652912105373 -6.420043322519852 88.99998172440027
33.46292064031327 -5.426132922097851 88.99998165965062
33.60964154027674 -4.427411324430305 88.99998160579243
33.72656172770834 -3.4247640674626947 88.99998156287346
33.81357753281378 -2.419080169910605 88.99998153093176
33.87061180116138 -1.4112513429921816 88.99998150999566
33.897613962092706 -0.4021711997732439 88.99998150008373
33.89456007356204 0.6072655371738079 88.99998150120474
33.86145284336523 1.6161638290954503 88.99998151335772
33.79832162673869 2.6236291146616404 88.99998153653188
33.70522240033095 3.6287681031483037 88.99998157070667
33.5822377125698 4.630689566492613 88.99998161585178
33.42947661046893 5.6285051295194855 88.9999816719272
33.24707454293904 6.6213300576385015 88.9999817388832
33.03519324068918 7.608284041312821 88.99998181666044
32.794020572824756 8.588491976604422 88.9999819051899
32.52377038026927 9.561084741104251 88.99998200439313
32.2246822861578 10.525199964557583 88.99998211418215
31.897021483369908 11.479982793503567 88.99998223445961
31.54107849939074 12.424586649249298 88.99998236511888
31.157168938708555 13.358173978506985 88.99998250604409
30.745633202977228 14.279916996028554 88.99998265711031
30.306836189191852 15.188998418579208 88.99998281818357
29.84116696614495 16.08461218959916 88.99998298912105
29.349038429450285 16.965964193910974 88.99998316977121
28.83088693544018 17.832272961838743 88.99998335997385
28.287171914260533 18.68277036211536 88.99998355956032
27.718375462507602 19.51670228296199 88.99998376835367
27.125001915766465 20.333329300737855 88.99998398616877
26.50757740143109 21.131927335566008 88.99998421281246
25.86664937220221 21.911788293354277 88.99998444808382
25.20278612067661 22.672220693642114 88.99998469177422
24.51657627545839 23.41255028271646 88.99998494366758
23.808628279238455 24.1321206314537 88.99998520354058
23.079569849306218 24.83029371735602 88.99998547116276
22.330047420970256 25.506450490268193 88.99998574629686
21.560725574382676 26.15999142127153 88.99998602869891
20.772286445274833 26.790337034269108 88.99998631811853
19.965429120127038 27.39692841979068 88.99998661429908
19.140869016308553 27.979227730561746 88.99998691697795
18.29933724773736 28.5367186583974 88.99998722588676
17.44157997662238 29.068906891998065 88.99998754075162
16.568357751862795 29.575320555241156 88.99998786129335
15.680444834690622 30.055510625580396 88.99998818722771
14.778628512156011 30.509051332180977 88.99998851826574
13.863708399061855 30.935540533438612 88.9999888541139
12.936495728968257 31.33460007354698 88.99998919447438
11.997812634894899 31.705876117797693 88.99998953904543
11.04849142035912 32.04903946631543 88.99998988752151
10.089373821396158 32.36378584595007 88.99999023959364
9.121310260215933 32.64983618006699 88.99999059494965
8.145159091157469 32.90693683599648 88.99999095327445
7.161785839611286 33.13485984992241 88.99999131425032
6.172062434582285 33.33340312901133 88.9999916775572
5.1768664355752705 33.50239063060245 88.99999204287296
4.177080254487985 33.641672518299586 88.99999240987368
3.1735903732016593 33.75112529482687 88.99999277823396
2.1672865575628166 33.83065191153023 88.99999314762717
1.1590610684532854 33.88018185442765 88.99999351772578
0.1498078706479301 33.89967120673192 88.99999388820164
-0.8595781598382838 33.889102687790434 88.99999425872628
-1.8682020292118047 33.8484856684074 88.99999462897112
-2.875169419465233 33.77785616253502 88.99999499860792
-3.8795874813440627 33.677276795340994 88.99999536730891
-4.880565626010523 33.546836747680516 88.99999573474717
-5.8772163147032845 33.38665167702216 88.99999610059692
-6.868655845692765 33.196863614897744 88.99999646453377
-7.854005137834116 32.97764084096703 88.999996826235
-8.832390510023858 32.729177733808804 88.99999718537993
-9.802944455867298 32.45169459857116 88.9999975416501
-10.764806412872153 32.145437471633066 88.99999789472963
-11.717123525484647 31.810677902450948 88.99999824430544
-12.659051401292196 31.447712712783574 88.99999859006759
-13.589754859722063 31.056863733508617 88.99999893170947
-14.508408672572164 30.638477519264445 88.99999926892819
-15.414198295717345 30.192925041169985 88.99999960142473
-16.306320591342423 29.720601357895216 88.99999992890427
-17.183984540061584 29.221925265373926 89.00000025107647
-18.046411942292583 28.69733892546937 89.00000056765563
-18.892838108264545 28.147307473921707 89.00000087836109
-19.722512536045922 27.572318607925794 89.00000118291732
-20.534699576993567 26.972882153703733 89.0000014810543
-21.32867908803131 26.349529614456564 89.00000177250767
-22.103747070180255 25.70281369909557 89.00000205701902
-22.859216292774583 25.03330783217105 89.00000233433606
-23.594416902809314 24.34160564543318 89.00000260421292
-24.308697018880185 23.628320451475368 89.0000028664103
-25.00142330918777 22.89408469992799 89.00000312069572
-25.67198155309507 22.13954941668299 89.00000336684371
-26.31977718573934 21.365383626647894 89.00000360463602
-26.94423582521578 20.572273760540504 89.00000383386181
-27.544803781865614 19.760923046250372 89.00000405431781
-28.12094854921686 18.93205088530669 89.00000426580858
-28.672159276142658 18.086392215005482 89.00000446814659
-29.197947219818396 17.224696856761682 89.0000046611524
-29.69784617907601 16.347728851263856 89.00000484465492
-30.171412907771202 15.45626578102125 89.00000501849142
-30.618227507797393 14.551098080903135 89.00000518250778
-31.037893801397033 13.633028337283386 89.00000533655856
-31.43003968244136 12.702870576409639 89.00000548050716
-31.79431744636621 11.761449542629533 89.00000561422596
-32.13040409847176 10.809599967113433 89.00000573759637
-32.43800164031265 9.848165827722232 89.00000585050904
-32.716837333924865 8.877999600675807 89.00000595286383
-32.96666394365449 7.8999615046873615 89.00000604456999
-33.18725995537464 6.914918738231575 89.0000061255462
-33.37842977289568 5.923744710624576 89.00000619572066
-33.540003891394804 4.927318267596823 89.00000625503117
-33.671839047711124 3.926522912045668 89.00000630342511
-33.773818347372995 2.9222460206585446 89.00000634085958
-33.84585136824506 1.9153780571013772 89.00000636730141
-33.88787424070291 0.9068117824698569 89.00000638272714
-33.899849704264525 -0.10255853629635125 89.00000638712308
-33.88176714062806 -1.1118379193344685 89.00000638048536
-33.83364258308676 -2.1201314674121923 89.00000636281983
-33.755518702312706 -3.126545155408592 89.00000633414218
-33.647464768522 -4.130186625021154 89.00000629447783
-33.50957659005477 -5.130165975994312 89.00000624386195
-33.34197642842468 -6.1255965551686105 89.00000618233942
-33.144812889913155 -7.115595742650761 89.00000610996479
-32.9182607938044 -8.09928573440741 89.00000602680221
-32.662521017378104 -9.075794320589388 89.00000593292546
-32.37782031779735 -10.04425565889461 89.00000582841776
-32.0644111310495 -11.00381104228618 89.00000571337176
-31.722571348118354 -11.953609660383343 89.00000558788949
-31.352604068586185 -12.892809353850744 89.00000545208219
-30.95483733188398 -13.820577361117092 89.00000530607029
-30.52962382642824 -14.736091056761088 89.00000514998325
-30.077340576902206 -15.638538680909914 89.00000498395949
-29.598388609958864 -16.527120059003543 89.00000480814617
-29.093192598642 -17.401047311286714 89.00000462269922
-28.562200485840854 -18.259545551399302 89.00000442778307
-28.00588308711164 -19.101853573446363 89.00000422357051
-27.424733673219226 -19.927224526937074 89.00000401024265
